t,x,vx
0.000000e0,4.838456e-1,0.000000e0
3.333333e-2,-4.220000e0,-2.895140e1
6.666667e-2,-1.446248e0,7.048197e1
1.000000e-1,4.787979e-1,4.980498e1
1.333333e-1,1.874084e0,3.358293e1
1.666667e-1,2.717660e0,1.741409e1
2.000000e-1,3.035023e0,8.943737e0
2.333333e-1,3.313909e0,5.125501e0
2.666667e-1,3.376723e0,2.506254e0
3.000000e-1,3.480992e0,1.701279e0
3.333333e-1,3.490142e0,8.187137e-1
3.666667e-1,3.535573e0,-1.356234e-2
4.000000e-1,3.489238e0,-1.189325e0
4.333333e-1,3.456285e0,-2.951954e0
4.666667e-1,3.292441e0,-5.370954e0
5.000000e-1,3.098221e0,-2.690683e0
5.333333e-1,3.113062e0,3.446365e-1
5.666667e-1,3.121197e0,1.510001e-1
6.000000e-1,3.123128e0,9.899514e-2
6.333333e-1,3.127797e0,5.259836e-2
6.666667e-1,3.126635e0,2.218273e-2
7.000000e-1,3.129276e0,1.411666e-1
7.333333e-1,3.136046e0,1.594756e-1
7.666667e-1,3.139907e0,-1.285892e-1
8.000000e-1,3.127473e0,-2.729085e-1
8.333333e-1,3.121713e0,-8.271323e-2
8.666667e-1,3.121959e0,5.380807e-2
9.000000e-1,3.125301e0,1.719051e0
9.333333e-1,3.236563e0,3.831464e1
9.666667e-1,5.679610e0,8.121357e1
1.000000e0,8.650801e0,1.064796e2
1.033333e0,1.277825e1,1.109711e2
1.066667e0,1.604887e1,8.020991e1
1.100000e0,1.812558e1,5.837866e1
1.133333e0,1.994078e1,4.270472e1
1.166667e0,2.097256e1,2.417980e1
1.200000e0,2.155277e1,1.437746e1
1.233333e0,2.193105e1,7.575842e0
1.266667e0,2.205782e1,3.551395e0
1.300000e0,2.216781e1,2.717121e0
1.333333e0,2.223897e1,2.522368e0
1.366667e0,2.233597e1,1.648051e0
1.400000e0,2.234884e1,4.196030e-1
1.433333e0,2.236395e1,-8.779393e-1
1.466667e0,2.229031e1,-6.232440e0
1.500000e0,2.194845e1,-6.972908e0
1.533333e0,2.182545e1,-2.076254e0
1.566667e0,2.181003e1,-3.860590e-1
1.600000e0,2.179971e1,-2.199203e-1
1.633333e0,2.179537e1,-1.182631e-1
1.666667e0,2.179182e1,-1.025152e-1
1.700000e0,2.178854e1,-9.392131e-2
1.733333e0,2.178556e1,-4.617714e-2
1.766667e0,2.178546e1,-4.104966e-2
1.800000e0,2.178283e1,-6.001084e-2
1.833333e0,2.178146e1,-1.120864e-1
1.866667e0,2.177535e1,-2.019325e-1
1.900000e0,2.176800e1,-1.137148e-1
1.933333e0,2.176777e1,2.323950e1
1.966667e0,2.331730e1,6.599935e1
2.000000e0,2.616773e1,1.006534e2
2.033333e0,3.002752e1,1.163798e2
2.066667e0,3.392638e1,9.269839e1
2.100000e0,3.620741e1,6.370409e1
2.133333e0,3.817332e1,4.930490e1
2.166667e0,3.949441e1,2.989846e1
2.200000e0,4.016655e1,1.572003e1
2.233333e0,4.054241e1,9.041241e0
2.266667e0,4.076930e1,4.999952e0
2.300000e0,4.087574e1,2.038746e0
2.333333e0,4.090522e1,1.472067e0
2.366667e0,4.097388e1,1.440716e0
2.400000e0,4.100127e1,9.866248e-1
2.433333e0,4.103965e1,-8.324294e-2
2.466667e0,4.099572e1,-5.833052e0
2.500000e0,4.065078e1,-8.679788e0
2.533333e0,4.041706e1,-3.383915e0
2.566667e0,4.042519e1,-5.395448e-3
2.600000e0,4.041670e1,-2.542267e-1
2.633333e0,4.040824e1,-3.147511e-1
2.666667e0,4.039572e1,-3.792960e-1
2.700000e0,4.038295e1,-2.820708e-1
2.733333e0,4.037692e1,-2.101794e-1
2.766667e0,4.036894e1,-1.544048e-1
2.800000e0,4.036662e1,-9.818201e-2
2.833333e0,4.036239e1,-1.932126e0
2.866667e0,4.023781e1,-2.515226e0
2.900000e0,4.019471e1,-8.450456e-1
2.933333e0,4.018148e1,7.104652e0
2.966667e0,4.066836e1,4.829952e1
3.000000e0,4.340145e1,8.723413e1
3.033333e0,4.648396e1,1.053470e2
3.066667e0,5.042458e1,1.037065e2
3.100000e0,5.339773e1,7.464521e1
3.133333e0,5.540093e1,5.270125e1
3.166667e0,5.691114e1,3.662949e1
3.200000e0,5.784289e1,2.115496e1
3.233333e0,5.832148e1,1.107087e1
3.266667e0,5.858095e1,5.960988e0
3.300000e0,5.871887e1,3.061043e0
3.333333e0,5.878502e1,1.576123e0
3.366667e0,5.882395e1,6.523400e-1
3.400000e0,5.882851e1,1.801810e-1
3.433333e0,5.883596e1,-7.786524e-2
3.466667e0,5.882332e1,-2.112340e0
3.500000e0,5.869514e1,-7.612737e0
3.533333e0,5.831580e1,-8.072716e0
3.566667e0,5.815696e1,-1.982711e0
3.600000e0,5.818362e1,6.765683e-1
3.633333e0,5.820206e1,3.847324e-1
3.666667e0,5.820927e1,1.601462e-1
3.700000e0,5.821274e1,1.119834e-1
3.733333e0,5.821674e1,1.549885e-1
3.766667e0,5.822307e1,9.175913e-2
3.800000e0,5.822286e1,4.921638e-2
3.833333e0,5.822635e1,9.698513e-3
3.866667e0,5.822350e1,-4.576222e-2
3.900000e0,5.822330e1,9.377764e-3
3.933333e0,5.822413e1,2.169530e-2
3.966667e0,5.822475e1,3.585154e1
4.000000e0,6.061423e1,7.819657e1
4.033333e0,6.343785e1,9.967586e1
4.066667e0,6.725929e1,1.122275e2
4.100000e0,7.091969e1,8.592269e1
4.133333e0,7.298747e1,5.751135e1
4.166667e0,7.475378e1,4.652622e1
4.200000e0,7.608921e1,2.832133e1
4.233333e0,7.664186e1,1.214434e1
4.266667e0,7.689884e1,6.936982e0
4.300000e0,7.710433e1,4.283856e0
4.333333e0,7.718443e1,2.278921e0
4.366667e0,7.725626e1,2.370728e0
4.400000e0,7.734248e1,1.705755e0
4.433333e0,7.736997e1,6.340837e-1
4.466667e0,7.738475e1,-2.056108e-1
4.500000e0,7.735627e1,-6.006765e0
4.533333e0,7.698430e1,-1.027190e1
4.566667e0,7.667147e1,-4.360810e0
4.600000e0,7.669358e1,-4.263780e-1
4.633333e0,7.664305e1,-9.521566e-1
4.666667e0,7.663010e1,-4.302709e-1
4.700000e0,7.661436e1,-3.545801e-1
4.733333e0,7.660646e1,-2.262359e-1
4.766667e0,7.659928e1,-1.224921e-1
4.800000e0,7.659829e1,-7.715153e-3
4.833333e0,7.659877e1,-2.168766e-2
4.866667e0,7.659685e1,-4.934829e-2
4.900000e0,7.659548e1,-2.686340e-2
4.933333e0,7.659506e1,-6.231609e-2
4.966667e0,7.659132e1,1.761460e1
5.000000e0,7.776936e1,5.937599e1
5.033333e0,8.054972e1,9.219814e1
5.066667e0,8.391591e1,1.123464e2
5.100000e0,8.803948e1,1.003113e2
5.133333e0,9.060333e1,6.567164e1
5.166667e0,9.241759e1,4.992054e1
5.200000e0,9.393136e1,3.577319e1
5.233333e0,9.480247e1,1.818017e1
5.266667e0,9.514337e1,8.224771e0
5.300000e0,9.535079e1,5.874587e0
5.333333e0,9.553501e1,3.795757e0
5.366667e0,9.560384e1,2.356294e0
5.400000e0,9.569210e1,1.960565e0
5.433333e0,9.573455e1,1.052860e0
5.466667e0,9.576229e1,3.685212e-2
5.500000e0,9.573700e1,-4.349635e0
5.533333e0,9.547231e1,-9.898829e0
5.566667e0,9.507708e1,-6.543627e0
5.600000e0,9.503607e1,-9.673729e-1
5.633333e0,9.501259e1,-4.768621e-1
5.666667e0,9.500428e1,-4.628817e-1
5.700000e0,9.498173e1,-4.732746e-1
5.733333e0,9.497273e1,-2.178468e-1
5.766667e0,9.496721e1,-2.711500e-1
5.800000e0,9.495465e1,-2.251877e-1
5.833333e0,9.495220e1,-5.303268e-2
5.866667e0,9.495112e1,-2.482591e-2
5.900000e0,9.495054e1,-5.614937e-2
5.933333e0,9.494737e1,-5.095596e-2
5.966667e0,9.494714e1,3.589542e0
6.000000e0,9.518668e1,4.581457e1
6.033333e0,9.800145e1,8.907620e1
6.066667e0,1.011251e2,1.091350e2
6.100000e0,1.052771e2,1.074234e2
6.133333e0,1.082867e2,7.671667e1
6.166667e0,1.103916e2,5.698439e1
6.200000e0,1.120856e2,4.104827e1
6.233333e0,1.131281e2,2.248646e1
6.266667e0,1.135847e2,1.138579e1
6.300000e0,1.138872e2,6.736197e0
6.333333e0,1.140338e2,3.349481e0
6.366667e0,1.141105e2,1.942410e0
6.400000e0,1.141633e2,1.240801e0
6.433333e0,1.141932e2,5.414121e-1
6.466667e0,1.141994e2,1.107083e-1
6.500000e0,1.142006e2,-1.180767e0
6.533333e0,1.141207e2,-9.074993e0
6.566667e0,1.135956e2,-1.188993e1
6.600000e0,1.133280e2,-4.037619e0
6.633333e0,1.133264e2,-2.034272e-1
6.666667e0,1.133144e2,-2.384009e-1
6.700000e0,1.133105e2,-1.179836e-1
6.733333e0,1.133066e2,-2.391023e-1
6.766667e0,1.132946e2,-2.493723e-1
6.800000e0,1.132899e2,-1.752657e-1
6.833333e0,1.132829e2,-4.777540e-2
6.866667e0,1.132868e2,-5.653393e-1
6.900000e0,1.132452e2,-3.963791e-1
6.933333e0,1.132603e2,3.734889e-1
6.966667e0,1.132701e2,2.869449e-1
7.000000e0,1.132795e2,3.123347e1
7.033333e0,1.153523e2,7.691601e1
7.066667e0,1.184072e2,1.034804e2
7.100000e0,1.222510e2,1.115257e2
7.133333e0,1.258422e2,8.913778e1
7.166667e0,1.281935e2,6.577205e1
7.200000e0,1.302270e2,4.896474e1
7.233333e0,1.314578e2,2.788895e1
7.266667e0,1.320863e2,1.643103e1
7.300000e0,1.325532e2,9.291648e0
7.333333e0,1.327058e2,3.789939e0
7.366667e0,1.328059e2,2.534248e0
7.400000e0,1.328747e2,2.134979e0
7.433333e0,1.329482e2,1.527709e0
7.466667e0,1.329766e2,7.617307e-1
7.500000e0,1.329990e2,3.499316e-1
7.533333e0,1.329999e2,-6.213314e0
7.566667e0,1.325848e2,-1.261895e1
7.600000e0,1.321586e2,-6.329983e0
7.633333e0,1.321628e2,2.282062e-1
7.666667e0,1.321738e2,2.245419e-1
7.700000e0,1.321778e2,3.016537e-2
7.733333e0,1.321758e2,-4.080547e-2
7.766667e0,1.321751e2,1.820720e-2
7.800000e0,1.321771e2,3.525838e-2
7.833333e0,1.321774e2,-5.481306e-3
7.866667e0,1.321767e2,-1.863070e-2
7.900000e0,1.321762e2,-1.042343e-1
7.933333e0,1.321697e2,-1.226976e-1
7.966667e0,1.321680e2,1.205050e-1
8.000000e0,1.321778e2,1.286475e1
8.033333e0,1.330256e2,5.780792e1
8.066667e0,1.360316e2,9.709253e1
8.100000e0,1.394985e2,1.105720e2
8.133333e0,1.434031e2,9.637908e1
8.166667e0,1.459237e2,6.965789e1
8.200000e0,1.480470e2,5.570166e1
8.233333e0,1.496372e2,3.638061e1
8.266667e0,1.504723e2,2.000534e1
8.300000e0,1.509709e2,1.163536e1
8.333333e0,1.512480e2,6.062974e0
8.366667e0,1.513751e2,2.539931e0
8.400000e0,1.514174e2,9.962625e-1
8.433333e0,1.514415e2,4.937754e-1
8.466667e0,1.514503e2,8.416897e-2
8.500000e0,1.514471e2,-7.930685e-1
8.533333e0,1.513974e2,-3.471372e0
8.566667e0,1.512157e2,-1.015446e1
8.600000e0,1.507204e2,-1.058768e1
8.633333e0,1.505098e2,-3.020557e0
8.666667e0,1.505191e2,2.435026e-1
8.700000e0,1.505261e2,4.527489e-1
8.733333e0,1.505493e2,-8.784977e-2
8.766667e0,1.505202e2,-4.112621e-1
8.800000e0,1.505218e2,-1.904493e-2
8.833333e0,1.505189e2,-1.545171e-1
8.866667e0,1.505115e2,-1.779403e-1
8.900000e0,1.505071e2,-1.631300e0
8.933333e0,1.504028e2,-3.413826e0
8.966667e0,1.502795e2,-2.481278e0
9.000000e0,1.502374e2,-6.782537e-2
9.033333e0,1.502750e2,4.031710e1
9.066667e0,1.529252e2,8.608527e1
9.100000e0,1.560140e2,1.035444e2
9.133333e0,1.598281e2,1.049352e2
9.166667e0,1.630097e2,7.994512e1
9.200000e0,1.651578e2,5.906214e1
9.233333e0,1.669471e2,4.405046e1
9.266667e0,1.680945e2,2.510435e1
9.300000e0,1.686208e2,1.330933e1
9.333333e0,1.689818e2,7.747544e0
9.366667e0,1.691373e2,3.241825e0
9.400000e0,1.691979e2,1.797440e0
9.433333e0,1.692571e2,6.912890e-1
9.466667e0,1.692440e2,-1.629788e-1
9.500000e0,1.692462e2,-1.593418e-2
9.533333e0,1.692429e2,-8.578793e-1
9.566667e0,1.691890e2,-8.791056e0
9.600000e0,1.686569e2,-1.560547e1
9.633333e0,1.681487e2,-1.000327e1
9.666667e0,1.679900e2,-1.855594e0
9.700000e0,1.680250e2,8.393078e-1
9.733333e0,1.680459e2,2.838521e-1
9.766667e0,1.680439e2,-6.506045e-2
9.800000e0,1.680416e2,-1.132153e0
9.833333e0,1.679684e2,-2.492473e0
9.866667e0,1.678754e2,-2.067389e0
9.900000e0,1.678306e2,-1.049608e0
9.933333e0,1.678055e2,-8.777805e-1
9.966667e0,1.677721e2,-5.930304e-1
1.000000e1,1.677659e2,-7.610656e-1
1.003333e1,1.677213e2,2.303767e1
1.006667e1,1.693018e2,6.536818e1
1.010000e1,1.720792e2,9.172701e1
1.013333e1,1.754169e2,1.092081e2
1.016667e1,1.793597e2,9.306790e1
1.020000e1,1.816214e2,6.143456e1
1.023333e1,1.834554e2,4.924963e1
1.026667e1,1.849047e2,3.251840e1
1.030000e1,1.856233e2,1.575543e1
1.033333e1,1.859551e2,8.910115e0
1.036667e1,1.862173e2,4.923011e0
1.040000e1,1.862833e2,1.832577e0
1.043333e1,1.863395e2,2.193116e0
1.046667e1,1.864295e2,1.651811e0
1.050000e1,1.864496e2,6.415286e-1
1.053333e1,1.864723e2,-7.305349e-2
1.056667e1,1.864447e2,-4.650730e0
1.060000e1,1.861622e2,-1.098088e1
1.063333e1,1.857126e2,-8.091600e0
1.066667e1,1.856228e2,-1.242836e0
1.070000e1,1.856298e2,-1.307150e-1
1.073333e1,1.856141e2,-5.283562e-1
1.076667e1,1.855946e2,-3.197279e-1
1.080000e1,1.855928e2,-1.539897e0
1.083333e1,1.854919e2,-2.503670e0
1.086667e1,1.854258e2,-1.828444e0
1.090000e1,1.853700e2,-1.657976e0
1.093333e1,1.853153e2,-1.818755e0
1.096667e1,1.852488e2,-2.060398e0
1.100000e1,1.851780e2,-2.222029e0
1.103333e1,1.851006e2,4.629812e0
1.106667e1,1.854866e2,4.670845e1
1.110000e1,1.882145e2,8.900662e1
1.113333e1,1.914204e2,1.071266e2
1.116667e1,1.953563e2,1.033990e2
1.120000e1,1.983136e2,7.341543e1
1.123333e1,2.002507e2,5.351986e1
1.126667e1,2.018816e2,3.877749e1
1.130000e1,2.028358e2,2.079658e1
1.133333e1,2.032681e2,1.041325e1
1.136667e1,2.035300e2,6.775366e0
1.140000e1,2.037198e2,3.575375e0
1.143333e1,2.037684e2,9.166083e-1
1.146667e1,2.037809e2,1.107361e0
1.150000e1,2.038422e2,1.060682e0
1.153333e1,2.038516e2,-6.813587e-1
1.156667e1,2.037968e2,-2.305458e0
1.160000e1,2.036979e2,-7.939122e0
1.163333e1,2.032675e2,-7.550763e0
1.166667e1,2.031945e2,-1.188224e0
1.170000e1,2.031883e2,1.589464e-3
1.173333e1,2.031946e2,1.355423e-1
1.176667e1,2.031973e2,1.489740e-1
1.180000e1,2.032045e2,1.065384e-1
1.183333e1,2.032045e2,4.645065e-2
1.186667e1,2.032076e2,6.551363e-2
1.190000e1,2.032088e2,9.502579e-2
1.193333e1,2.032140e2,-3.356486e-1
1.196667e1,2.031864e2,-5.094358e-1
1.200000e1,2.031800e2,-1.743948e-1
1.203333e1,2.031748e2,4.261959e-2
1.206667e1,2.031829e2,3.330461e1
1.210000e1,2.053951e2,7.323604e1
1.213333e1,2.080653e2,9.598627e1
1.216667e1,2.117942e2,1.103559e2
1.220000e1,2.154223e2,8.530632e1
1.223333e1,2.174813e2,5.855994e1
1.226667e1,2.193263e2,4.589287e1
1.230000e1,2.205408e2,2.553364e1
1.233333e1,2.210286e2,1.296525e1
1.236667e1,2.214052e2,8.059457e0
1.240000e1,2.215659e2,3.149050e0
1.243333e1,2.216151e2,1.924179e0
1.246667e1,2.216941e2,1.785846e0
1.250000e1,2.217342e2,1.608596e0
1.253333e1,2.218014e2,1.186242e0
1.256667e1,2.218132e2,2.299559e-1
1.260000e1,2.218167e2,-6.939127e0
1.263333e1,2.213506e2,-1.404415e1
1.266667e1,2.208804e2,-7.413255e0
1.270000e1,2.208564e2,-6.331770e-1
1.273333e1,2.208382e2,-4.697890e-1
1.276667e1,2.208251e2,-4.056640e-1
1.280000e1,2.208112e2,-2.495003e-1
1.283333e1,2.208085e2,-1.592823e-1
1.286667e1,2.208006e2,-1.507538e-1
1.290000e1,2.207984e2,-4.428885e-1
1.293333e1,2.207710e2,-7.303343e-1
1.296667e1,2.207497e2,-2.855729e-1
1.300000e1,2.207520e2,1.220273e-1
1.303333e1,2.207579e2,2.205021e-1
1.306667e1,2.207667e2,1.592475e1
1.310000e1,2.218195e2,5.770215e1
1.313333e1,2.246135e2,9.135287e1
1.316667e1,2.279097e2,1.086637e2
1.320000e1,2.318577e2,9.452020e1
1.323333e1,2.342111e2,6.452083e1
1.326667e1,2.361591e2,5.241184e1
1.330000e1,2.377052e2,3.422646e1
1.333333e1,2.384409e2,1.766701e1
1.336667e1,2.388830e2,1.004418e1
1.340000e1,2.391105e2,5.339746e0
1.343333e1,2.392390e2,2.526218e0
1.346667e1,2.392789e2,1.987105e0
1.350000e1,2.393714e2,2.342331e0
1.353333e1,2.394351e2,1.021021e0
1.356667e1,2.394395e2,-2.089731e-2
1.360000e1,2.394337e2,-3.044895e0
1.363333e1,2.392365e2,-9.191889e0
1.366667e1,2.388209e2,-7.528704e0
1.370000e1,2.387346e2,-2.012319e0
1.373333e1,2.386867e2,-9.080335e-1
1.376667e1,2.386741e2,-5.492656e-1
1.380000e1,2.386501e2,-4.504954e-1
1.383333e1,2.386440e2,-4.780822e-1
1.386667e1,2.386183e2,-1.032541e0
1.390000e1,2.385752e2,-7.957653e-1
1.393333e1,2.385652e2,-1.160634e-1
1.396667e1,2.385674e2,-1.502235e-2
1.400000e1,2.385642e2,-9.995345e-2
1.403333e1,2.385608e2,1.029928e-1
1.406667e1,2.385711e2,1.736225e0
1.410000e1,2.386765e2,4.086900e1
1.413333e1,2.412957e2,8.356886e1
1.416667e1,2.442478e2,1.019324e2
1.420000e1,2.480912e2,1.017285e2
1.423333e1,2.510297e2,7.616971e1
1.426667e1,2.531691e2,5.777024e1
1.430000e1,2.548810e2,4.078588e1
1.433333e1,2.558882e2,2.372700e1
1.436667e1,2.564628e2,1.327556e1
1.440000e1,2.567732e2,5.845901e0
1.443333e1,2.568526e2,3.296891e0
1.446667e1,2.569930e2,2.614104e0
1.450000e1,2.570268e2,7.167002e-1
1.453333e1,2.570408e2,3.758798e-1
1.456667e1,2.570519e2,5.241228e-1
1.460000e1,2.570757e2,-1.189015e0
1.463333e1,2.569726e2,-8.973305e0
1.466667e1,2.564775e2,-1.166941e1
1.470000e1,2.561947e2,-4.426188e0
1.473333e1,2.561824e2,-3.985609e-1
1.476667e1,2.561681e2,-4.894274e-1
1.480000e1,2.561498e2,-3.220917e-1
1.483333e1,2.561466e2,5.739590e-2
1.486667e1,2.561536e2,1.825221e-1
1.490000e1,2.561588e2,1.161793e-1
1.493333e1,2.561614e2,1.546855e-1
1.496667e1,2.561691e2,1.060389e-1
1.500000e1,2.561685e2,-1.424750e-2
1.503333e1,2.561682e2,-4.924396e-2
1.506667e1,2.561652e2,8.573893e-2
1.510000e1,2.561739e2,2.757498e1
1.513333e1,2.580035e2,6.755329e1
1.516667e1,2.606774e2,9.406770e1
1.520000e1,2.642747e2,1.095748e2
1.523333e1,2.679824e2,8.788648e1
1.526667e1,2.701338e2,6.129992e1
1.530000e1,2.720691e2,4.941365e1
1.533333e1,2.734280e2,3.005979e1
1.536667e1,2.740731e2,1.579722e1
1.540000e1,2.744812e2,9.213288e0
1.543333e1,2.746873e2,4.494456e0
1.546667e1,2.747808e2,3.159842e0
1.550000e1,2.748979e2,1.735198e0
1.553333e1,2.748965e2,1.643500e-1
1.556667e1,2.749089e2,5.357681e-1
1.560000e1,2.749322e2,9.850620e-1
1.563333e1,2.749746e2,-4.633972e0
1.566667e1,2.746233e2,-1.187626e1
1.570000e1,2.741828e2,-6.716207e0
1.573333e1,2.741755e2,-2.090287e-1
1.576667e1,2.741689e2,3.943974e-1
1.580000e1,2.742018e2,5.154203e-1
1.583333e1,2.742032e2,1.816301e-1
1.586667e1,2.742139e2,1.069425e-1
1.590000e1,2.742104e2,1.181994e-2
1.593333e1,2.742147e2,1.203390e-1
1.596667e1,2.742184e2,4.676559e-2
1.600000e1,2.742178e2,2.565522e-2
1.603333e1,2.742201e2,-1.900684e-1
1.606667e1,2.742052e2,-4.309133e-1
1.610000e1,2.741914e2,9.132681e0
1.613333e1,2.748140e2,5.107914e1
1.616667e1,2.775966e2,9.180040e1
1.620000e1,2.809340e2,1.096479e2
1.623333e1,2.849065e2,9.788040e1
1.626667e1,2.874594e2,6.922871e1
1.630000e1,2.895218e2,5.502662e1
1.633333e1,2.911278e2,3.622899e1
1.636667e1,2.919370e2,1.874914e1
1.640000e1,2.923778e2,1.052386e1
1.643333e1,2.926386e2,5.302286e0
1.646667e1,2.927313e2,2.594037e0
1.650000e1,2.928115e2,2.020661e0
1.653333e1,2.928660e2,1.635582e0
1.656667e1,2.929206e2,9.312785e-1
1.660000e1,2.929281e2,-4.067977e-2
1.663333e1,2.929179e2,-2.362134e0
1.666667e1,2.927706e2,-1.014140e1
1.670000e1,2.922418e2,-1.007792e1
1.673333e1,2.920987e2,-2.143666e0
1.676667e1,2.920989e2,-2.136403e-1
1.680000e1,2.920845e2,-5.247245e-1
1.683333e1,2.920639e2,-4.167764e-1
1.686667e1,2.920567e2,-7.304505e-1
1.690000e1,2.920152e2,-1.185827e0
1.693333e1,2.919776e2,-9.106219e-1
1.696667e1,2.919545e2,-6.961613e-1
1.700000e1,2.919312e2,-1.503250e0
1.703333e1,2.918543e2,-2.260475e0
1.706667e1,2.917805e2,-1.386895e0
1.710000e1,2.917618e2,4.126511e-1
1.713333e1,2.918080e2,3.732451e1
1.716667e1,2.942501e2,8.005872e1
1.720000e1,2.971453e2,1.010649e2
1.723333e1,3.009878e2,1.065855e2
1.726667e1,3.042510e2,8.096698e1
1.730000e1,3.063856e2,5.951638e1
1.733333e1,3.082188e2,4.480066e1
1.736667e1,3.093723e2,2.584742e1
1.740000e1,3.099419e2,1.367735e1
1.743333e1,3.102841e2,6.808102e0
1.746667e1,3.103958e2,2.911708e0
1.750000e1,3.104782e2,2.272213e0
1.753333e1,3.105473e2,7.246651e-1
1.756667e1,3.105265e2,2.190664e-1
1.760000e1,3.105619e2,1.158009e-2
1.763333e1,3.105273e2,-1.042813e0
1.766667e1,3.104924e2,-7.928762e0
1.770000e1,3.099987e2,-1.317261e1
1.773333e1,3.096142e2,-5.255547e0
1.776667e1,3.096483e2,1.312188e-1
1.780000e1,3.096229e2,-6.039736e-1
1.783333e1,3.096081e2,-1.168524e-1
1.786667e1,3.096151e2,1.303892e-1
1.790000e1,3.096168e2,-6.533124e-2
1.793333e1,3.096108e2,3.573151e-2
1.796667e1,3.096191e2,6.197769e-2
1.800000e1,3.096149e2,1.902626e-2
1.803333e1,3.096204e2,8.506088e-2
1.806667e1,3.096206e2,4.946766e-2
1.810000e1,3.096237e2,-5.605162e-1
1.813333e1,3.095832e2,2.033367e1
1.816667e1,3.109793e2,5.999287e1
1.820000e1,3.135827e2,9.213684e1
1.823333e1,3.171217e2,1.100507e2
1.826667e1,3.209194e2,9.274337e1
1.830000e1,3.233046e2,6.294968e1
1.833333e1,3.251161e2,4.974941e1
1.836667e1,3.266213e2,3.324568e1
1.840000e1,3.273325e2,1.618392e1
1.843333e1,3.277002e2,9.097838e0
1.846667e1,3.279390e2,4.770917e0
1.850000e1,3.280183e2,2.053140e0
1.853333e1,3.280759e2,1.640652e0
1.856667e1,3.281276e2,3.991239e-1
1.860000e1,3.281025e2,1.420127e-1
1.863333e1,3.281371e2,8.201597e-1
1.866667e1,3.281572e2,-3.088030e0
1.870000e1,3.279312e2,-1.082095e1
1.873333e1,3.274358e2,-9.223339e0
1.876667e1,3.273163e2,-2.371104e0
1.880000e1,3.272777e2,-9.421490e-1
1.883333e1,3.272535e2,-1.167932e0
1.886667e1,3.271998e2,-8.683297e-1
1.890000e1,3.271956e2,-6.727282e-1
1.893333e1,3.271550e2,-9.833656e-1
1.896667e1,3.271301e2,-4.492633e-1
1.900000e1,3.271250e2,-1.164940e0
1.903333e1,3.270524e2,-2.733385e0
1.906667e1,3.269428e2,-2.709938e0
1.910000e1,3.268718e2,-1.424836e0
1.913333e1,3.268478e2,4.156038e0
1.916667e1,3.271488e2,4.401809e1
1.920000e1,3.297824e2,8.192973e1
1.923333e1,3.326108e2,9.881592e1
1.926667e1,3.363701e2,1.049039e2
1.930000e1,3.396044e2,7.680655e1
1.933333e1,3.414905e2,5.347032e1
1.936667e1,3.431691e2,4.079557e1
1.940000e1,3.442102e2,2.319300e1
1.943333e1,3.447153e2,1.157640e1
1.946667e1,3.449820e2,6.832914e0
1.950000e1,3.451708e2,4.440318e0
1.953333e1,3.452780e2,2.159884e0
1.956667e1,3.453148e2,9.464378e-1
1.960000e1,3.453411e2,7.825895e-1
1.963333e1,3.453670e2,2.031639e-1
1.966667e1,3.453546e2,-1.704038e0
1.970000e1,3.452534e2,-8.592667e0
1.973333e1,3.447818e2,-9.986516e0
1.976667e1,3.445876e2,-3.351795e0
1.980000e1,3.445583e2,-1.039170e0
1.983333e1,3.445183e2,-8.624467e-1
1.986667e1,3.445008e2,-4.810089e-1
1.990000e1,3.444863e2,-1.348693e0
1.993333e1,3.444109e2,-1.933616e0
1.996667e1,3.443574e2,-2.100727e0
2.000000e1,3.442709e2,-2.272571e0
2.003333e1,3.442059e2,-1.948422e0
2.006667e1,3.441410e2,-2.234644e0
2.010000e1,3.440569e2,-3.055157e0
2.013333e1,3.439373e2,-2.190885e0
2.016667e1,3.439108e2,3.229195e1
2.020000e1,3.460901e2,7.374062e1
2.023333e1,3.488269e2,9.548698e1
2.026667e1,3.524559e2,1.099431e2
2.030000e1,3.561564e2,8.670572e1
2.033333e1,3.582363e2,5.857312e1
2.036667e1,3.600613e2,4.774962e1
2.040000e1,3.614196e2,2.978325e1
2.043333e1,3.620468e2,1.388332e1
2.046667e1,3.623452e2,7.769685e0
2.050000e1,3.625648e2,4.785471e0
2.053333e1,3.626642e2,1.696291e0
2.056667e1,3.626779e2,3.745003e-1
2.060000e1,3.626892e2,3.689771e-1
2.063333e1,3.627025e2,3.806362e-1
2.066667e1,3.627145e2,-6.293494e-1
2.070000e1,3.626605e2,-7.503862e0
2.073333e1,3.622143e2,-1.263162e1
2.076667e1,3.618184e2,-5.838014e0
2.080000e1,3.618251e2,-1.107993e-1
2.083333e1,3.618110e2,-5.576173e-1
2.086667e1,3.617879e2,-8.435410e-1
2.090000e1,3.617548e2,-7.177359e-1
2.093333e1,3.617400e2,-1.741133e0
2.096667e1,3.616387e2,-3.680864e0
2.100000e1,3.614947e2,-4.150880e0
2.103333e1,3.613620e2,-3.422855e0
2.106667e1,3.612665e2,-1.484475e0
2.110000e1,3.612630e2,-1.085535e0
2.113333e1,3.611941e2,-2.595748e0
2.116667e1,3.610900e2,1.228038e1
2.120000e1,3.620128e2,5.632185e1
2.123333e1,3.648448e2,9.392545e1
2.126667e1,3.682745e2,1.098202e2
2.130000e1,3.721661e2,9.619191e1
2.133333e1,3.746873e2,6.747467e1
2.136667e1,3.766644e2,5.173661e1
2.140000e1,3.781364e2,3.420732e1
2.143333e1,3.789449e2,1.861694e1
2.146667e1,3.793775e2,1.093844e1
2.150000e1,3.796742e2,5.855723e0
2.153333e1,3.797679e2,3.006290e0
2.156667e1,3.798746e2,2.543529e0
2.160000e1,3.799375e2,1.122304e0
2.163333e1,3.799494e2,7.104587e-1
2.166667e1,3.799848e2,4.371772e-2
2.170000e1,3.799523e2,-3.879176e0
2.173333e1,3.797262e2,0.000000e0