t,x,y
0.000000e0,1.013857e-1,-1.041047e0
3.333333e-2,1.247424e-1,-9.908289e-1
6.666667e-2,1.243016e-1,-1.002602e0
1.000000e-1,1.244963e-1,-1.002940e0
1.333333e-1,1.218363e-1,-1.000118e0
1.666667e-1,1.214520e-1,-1.000060e0
2.000000e-1,1.164496e-1,-1.002096e0
2.333333e-1,1.209257e-1,-1.016679e0
2.666667e-1,1.121910e-1,-1.024836e0
3.000000e-1,1.289342e-1,-1.026616e0
3.333333e-1,1.302945e-1,-1.022328e0
3.666667e-1,1.281708e-1,-1.020535e0
4.000000e-1,1.325735e-1,-1.015667e0
4.333333e-1,1.335518e-1,-1.015011e0
4.666667e-1,1.288670e-1,-1.011732e0
5.000000e-1,1.323696e-1,-1.009988e0
5.333333e-1,1.255382e-1,-1.011843e0
5.666667e-1,1.252346e-1,-1.011018e0
6.000000e-1,1.271118e-1,-1.010204e0
6.333333e-1,1.237014e-1,-1.009941e0
6.666667e-1,1.196671e-1,-1.011484e0
7.000000e-1,1.190529e-1,-1.010118e0
7.333333e-1,1.296717e-1,-1.006889e0
7.666667e-1,1.239643e-1,-1.008986e0
8.000000e-1,1.208339e-1,-1.007701e0
8.333333e-1,1.161442e-1,-1.006085e0
8.666667e-1,1.206440e-1,-1.007321e0
9.000000e-1,1.220834e-1,-1.007843e0
9.333333e-1,1.225389e-1,-1.008284e0
9.666667e-1,1.198300e-1,-1.007674e0
1.000000e0,1.199017e-1,-1.009843e0
1.033333e0,1.217715e-1,-1.010738e0
1.066667e0,1.220242e-1,-1.003009e0
1.100000e0,1.246848e-1,-1.006902e0
1.133333e0,1.220536e-1,-1.007538e0
1.166667e0,1.174358e-1,-1.009246e0
1.200000e0,1.170994e-1,-1.007932e0
1.233333e0,1.172295e-1,-1.006419e0
1.266667e0,1.173636e-1,-1.006130e0
1.300000e0,1.205917e-1,-1.003623e0
1.333333e0,1.169201e-1,-1.004128e0
1.366667e0,1.214616e-1,-1.003567e0
1.400000e0,1.168853e-1,-1.004003e0
1.433333e0,1.170934e-1,-1.004127e0
1.466667e0,1.179242e-1,-1.005067e0
1.500000e0,1.184438e-1,-1.008278e0
1.533333e0,1.181122e-1,-1.011005e0
1.566667e0,1.267853e-1,-1.024523e0
1.600000e0,1.190600e-1,-1.001462e0
1.633333e0,1.231912e-1,-1.007340e0
1.666667e0,1.148185e-1,-1.006167e0
1.700000e0,1.109544e-1,-1.009075e0
1.733333e0,1.193797e-1,-1.005049e0
1.766667e0,1.142862e-1,-1.003332e0
1.800000e0,1.153659e-1,-9.985267e-1
1.833333e0,1.168956e-1,-1.000635e0
1.866667e0,1.212770e-1,-1.002026e0
1.900000e0,1.212115e-1,-1.004045e0
1.933333e0,1.153182e-1,-9.962786e-1
1.966667e0,1.116081e-1,-1.002497e0
2.000000e0,1.153944e-1,-9.960180e-1
2.033333e0,1.229740e-1,-9.886054e-1
2.066667e0,1.249224e-1,-9.903186e-1
2.100000e0,1.269523e-1,-9.931948e-1
2.133333e0,7.175419e-2,-9.752368e-1
2.166667e0,-5.234147e-1,-9.280200e-1
2.200000e0,-8.200216e-1,-9.212629e-1
2.233333e0,-7.937029e-1,-9.482895e-1
2.266667e0,-8.098671e-1,-9.596986e-1
2.300000e0,-8.182725e-1,-9.679880e-1
2.333333e0,-8.446310e-1,-9.690436e-1
2.366667e0,-8.276600e-1,-9.702903e-1
2.400000e0,-8.576764e-1,-9.634574e-1
2.433333e0,-8.538713e-1,-9.648682e-1
2.466667e0,-8.589569e-1,-9.668072e-1
2.500000e0,-8.626588e-1,-9.673561e-1
2.533333e0,-8.662782e-1,-9.690846e-1
2.566667e0,-8.709418e-1,-9.671398e-1
2.600000e0,-8.695838e-1,-9.666524e-1
2.633333e0,6.460894e-1,-1.273589e0
2.666667e0,4.146624e0,-2.075310e0
2.700000e0,8.528031e0,-2.268496e0
2.733333e0,1.251523e1,-2.316131e0
2.766667e0,1.542172e1,-2.410300e0
2.800000e0,1.787948e1,-2.332748e0
2.833333e0,1.944629e1,-2.300059e0
2.866667e0,2.046250e1,-2.354930e0
2.900000e0,2.100165e1,-2.408476e0
2.933333e0,2.134988e1,-2.396890e0
2.966667e0,2.146192e1,-2.379369e0
3.000000e0,2.149728e1,-2.387375e0
3.033333e0,2.152034e1,-2.391595e0
3.066667e0,2.152347e1,-2.388549e0
3.100000e0,2.152692e1,-2.389348e0
3.133333e0,2.149581e1,-2.376744e0
3.166667e0,2.105021e1,-2.327556e0
3.200000e0,2.043475e1,-2.066839e0
3.233333e0,2.006837e1,-2.053680e0
3.266667e0,2.002986e1,-2.070833e0
3.300000e0,2.001317e1,-2.076205e0
3.333333e0,1.996706e1,-2.088002e0
3.366667e0,1.992644e1,-2.086856e0
3.400000e0,1.992671e1,-2.095572e0
3.433333e0,1.985459e1,-2.102162e0
3.466667e0,1.972135e1,-2.155908e0
3.500000e0,1.955003e1,-2.199249e0
3.533333e0,1.946775e1,-2.180100e0
3.566667e0,1.943148e1,-2.176756e0
3.600000e0,1.933539e1,-2.198840e0
3.633333e0,1.941265e1,-2.230144e0
3.666667e0,2.251205e1,-2.807957e0
3.700000e0,2.598035e1,-3.041417e0
3.733333e0,3.042220e1,-3.116157e0
3.766667e0,3.381900e1,-3.235090e0
3.800000e0,3.621977e1,-3.312290e0
3.833333e0,3.825067e1,-3.390028e0
3.866667e0,3.940449e1,-3.420934e0
3.900000e0,4.023424e1,-3.414767e0
3.933333e0,4.070736e1,-3.429037e0
3.966667e0,4.083002e1,-3.460028e0
4.000000e0,4.088540e1,-3.486171e0
4.033333e0,4.088585e1,-3.487187e0
4.066667e0,4.088291e1,-3.484370e0
4.100000e0,4.092638e1,-3.455016e0
4.133333e0,4.101573e1,-3.467624e0
4.166667e0,4.086530e1,-3.464218e0
4.200000e0,4.015727e1,-3.150842e0
4.233333e0,3.931399e1,-2.841976e0
4.266667e0,3.882576e1,-2.848806e0
4.300000e0,3.856185e1,-2.893979e0
4.333333e0,3.826258e1,-2.958478e0
4.366667e0,3.784349e1,-2.990191e0
4.400000e0,3.740227e1,-3.023077e0
4.433333e0,3.713765e1,-3.069686e0
4.466667e0,3.684728e1,-3.092342e0
4.500000e0,3.654926e1,-3.206714e0
4.533333e0,3.624933e1,-3.193961e0
4.566667e0,3.583965e1,-3.229610e0
4.600000e0,3.543845e1,-3.307578e0
4.633333e0,3.505527e1,-3.442343e0
4.666667e0,3.726841e1,-3.890618e0
4.700000e0,4.030722e1,-3.968793e0
4.733333e0,4.424507e1,-4.064939e0
4.766667e0,4.830927e1,-4.194820e0
4.800000e0,5.072290e1,-4.215941e0
4.833333e0,5.297320e1,-4.292081e0
4.866667e0,5.453735e1,-4.278538e0
4.900000e0,5.538643e1,-4.313108e0
4.933333e0,5.585354e1,-4.336586e0
4.966667e0,5.615537e1,-4.358668e0
5.000000e0,5.627909e1,-4.367236e0
5.033333e0,5.642153e1,-4.383114e0
5.066667e0,5.650991e1,-4.411850e0
5.100000e0,5.652396e1,-4.391812e0
5.133333e0,5.658567e1,-4.396641e0
5.166667e0,5.656393e1,-4.389349e0
5.200000e0,5.602789e1,-4.325500e0
5.233333e0,5.542017e1,-3.971741e0
5.266667e0,5.506572e1,-3.870604e0
5.300000e0,5.492715e1,-3.898968e0
5.333333e0,5.484942e1,-3.892831e0
5.366667e0,5.476149e1,-3.924170e0
5.400000e0,5.469400e1,-3.959543e0
5.433333e0,5.459195e1,-3.926763e0
5.466667e0,5.449048e1,-3.977891e0
5.500000e0,5.422961e1,-4.010037e0
5.533333e0,5.393468e1,-4.013697e0
5.566667e0,5.368439e1,-4.044673e0
5.600000e0,5.349000e1,-4.108188e0
5.633333e0,5.322535e1,-4.196861e0
5.666667e0,5.381275e1,-4.318697e0
5.700000e0,5.705403e1,-4.682844e0
5.733333e0,6.029265e1,-4.874672e0
5.766667e0,6.454528e1,-4.923952e0
5.800000e0,6.765996e1,-4.966187e0
5.833333e0,6.984683e1,-5.002210e0
5.866667e0,7.162360e1,-5.057957e0
5.900000e0,7.268673e1,-5.062699e0
5.933333e0,7.346490e1,-4.976975e0
5.966667e0,7.387313e1,-5.008413e0
6.000000e0,7.398039e1,-4.959107e0
6.033333e0,7.410593e1,-4.993047e0
6.066667e0,7.410402e1,-5.011847e0
6.100000e0,7.409706e1,-4.986008e0
6.133333e0,7.409319e1,-4.981224e0
6.166667e0,7.407872e1,-4.979287e0
6.200000e0,7.391780e1,-4.887301e0
6.233333e0,7.307659e1,-4.454629e0
6.266667e0,7.256824e1,-4.268096e0
6.300000e0,7.244320e1,-4.204106e0
6.333333e0,7.219669e1,-4.199123e0
6.366667e0,7.211342e1,-4.264273e0
6.400000e0,7.192909e1,-4.186617e0
6.433333e0,7.159770e1,-4.367556e0
6.466667e0,7.114262e1,-4.440438e0
6.500000e0,7.057321e1,-4.464456e0
6.533333e0,6.982418e1,-4.431644e0
6.566667e0,6.890058e1,-4.441571e0
6.600000e0,6.777633e1,-4.578480e0
6.633333e0,6.675191e1,-4.678188e0
6.666667e0,6.589507e1,-4.638198e0
6.700000e0,6.893461e1,-4.950029e0
6.733333e0,7.224536e1,-5.079936e0
6.766667e0,7.625942e1,-5.145317e0
6.800000e0,7.991178e1,-5.106753e0
6.833333e0,8.237560e1,-5.160481e0
6.866667e0,8.447601e1,-5.231550e0
6.900000e0,8.585844e1,-5.281772e0
6.933333e0,8.653053e1,-5.317759e0
6.966667e0,8.694714e1,-5.310036e0
7.000000e0,8.720351e1,-5.338045e0
7.033333e0,8.736193e1,-5.340620e0
7.066667e0,8.742500e1,-5.332282e0
7.100000e0,8.745458e1,-5.333275e0
7.133333e0,8.745134e1,-5.349869e0
7.166667e0,8.746066e1,-5.357839e0
7.200000e0,8.736813e1,-5.334938e0
7.233333e0,8.657708e1,-5.016266e0
7.266667e0,8.600451e1,-4.577279e0
7.300000e0,8.571803e1,-4.505456e0
7.333333e0,8.556320e1,-4.497094e0
7.366667e0,8.547642e1,-4.531456e0
7.400000e0,8.536252e1,-4.501024e0
7.433333e0,8.506978e1,-4.525940e0
7.466667e0,8.486419e1,-4.490284e0
7.500000e0,8.450411e1,-4.502050e0
7.533333e0,8.406932e1,-4.511564e0
7.566667e0,8.388641e1,-4.470797e0
7.600000e0,8.372517e1,-4.568116e0
7.633333e0,8.350132e1,-4.585675e0
7.666667e0,8.336923e1,-4.560196e0
7.700000e0,8.521661e1,-5.128040e0
7.733333e0,8.855815e1,-5.618250e0
7.766667e0,9.245486e1,-5.894312e0
7.800000e0,9.649793e1,-6.030282e0
7.833333e0,9.926376e1,-6.142548e0
7.866667e0,1.015929e2,-6.359776e0
7.900000e0,1.032389e2,-6.346495e0
7.933333e0,1.042036e2,-6.343240e0
7.966667e0,1.047658e2,-6.363958e0
8.000000e0,1.051115e2,-6.402948e0
8.033333e0,1.051931e2,-6.356644e0
8.066667e0,1.053127e2,-6.377436e0
8.100000e0,1.053352e2,-6.380897e0
8.133333e0,1.053410e2,-6.393845e0
8.166667e0,1.053504e2,-6.409011e0
8.200000e0,1.053214e2,-6.406683e0
8.233333e0,1.047745e2,-6.277696e0
8.266667e0,1.039105e2,-5.764017e0
8.300000e0,1.034279e2,-5.356320e0
8.333333e0,1.033336e2,-5.403234e0
8.366667e0,1.033053e2,-5.381926e0
8.400000e0,1.032522e2,-5.332708e0
8.433333e0,1.029695e2,-5.384560e0
8.466667e0,1.028499e2,-5.394467e0
8.500000e0,1.026046e2,-5.321145e0
8.533333e0,1.024396e2,-5.361484e0
8.566667e0,1.022929e2,-5.336333e0
8.600000e0,1.021450e2,-5.397425e0
8.633333e0,1.018715e2,-5.395658e0
8.666667e0,1.017239e2,-5.337705e0
8.700000e0,1.019018e2,-5.438548e0
8.733333e0,1.053010e2,-6.293950e0
8.766667e0,1.091283e2,-6.537799e0
8.800000e0,1.132025e2,-6.803333e0
8.833333e0,1.162639e2,-7.038541e0
8.866667e0,1.187228e2,-7.137031e0
8.900000e0,1.206520e2,-7.263983e0
8.933333e0,1.217441e2,-7.361232e0
8.966667e0,1.225512e2,-7.356089e0
9.000000e0,1.229056e2,-7.417283e0
9.033333e0,1.230942e2,-7.459855e0
9.066667e0,1.231873e2,-7.468626e0
9.100000e0,1.231996e2,-7.478897e0
9.133333e0,1.232108e2,-7.461688e0
9.166667e0,1.232047e2,-7.464648e0
9.200000e0,1.231954e2,-7.458465e0
9.233333e0,1.230818e2,-7.389960e0
9.266667e0,1.222262e2,-6.897566e0
9.300000e0,1.212783e2,-6.086892e0
9.333333e0,1.206569e2,-5.973120e0
9.366667e0,1.201538e2,-5.985113e0
9.400000e0,1.196706e2,-5.991630e0
9.433333e0,1.192400e2,-6.064120e0
9.466667e0,1.187525e2,-6.046160e0
9.500000e0,1.182466e2,-6.028543e0
9.533333e0,1.176864e2,-5.963003e0
9.566667e0,1.169929e2,-5.920905e0
9.600000e0,1.162250e2,-5.867305e0
9.633333e0,1.156038e2,-5.860222e0
9.666667e0,1.147541e2,-5.875364e0
9.700000e0,1.138618e2,-5.890844e0
9.733333e0,1.166134e2,-6.584801e0
9.766667e0,1.197129e2,-7.028152e0
9.800000e0,1.236654e2,-7.219433e0
9.833333e0,1.276091e2,-7.376578e0
9.866667e0,1.300921e2,-7.496378e0
9.900000e0,1.321529e2,-7.736535e0
9.933333e0,1.336012e2,-7.870862e0
9.966667e0,1.344661e2,-7.895099e0
1.000000e1,1.349952e2,-7.950885e0
1.003333e1,1.351366e2,-7.966255e0
1.006667e1,1.354324e2,-7.947807e0
1.010000e1,1.354902e2,-7.966487e0
1.013333e1,1.355251e2,-7.977429e0
1.016667e1,1.355410e2,-7.984095e0
1.020000e1,1.355559e2,-7.991344e0
1.023333e1,1.355326e2,-7.984074e0
1.026667e1,1.349990e2,-7.672260e0
1.030000e1,1.340352e2,-6.655759e0
1.033333e1,1.331348e2,-6.163305e0
1.036667e1,1.326403e2,-6.308174e0
1.040000e1,1.321424e2,-6.184207e0
1.043333e1,1.318377e2,-6.163900e0
1.046667e1,1.316684e2,-6.170136e0
1.050000e1,1.315578e2,-6.157017e0
1.053333e1,1.312935e2,-6.142716e0
1.056667e1,1.311281e2,-6.174982e0
1.060000e1,1.309689e2,-6.173493e0
1.063333e1,1.307167e2,-6.188336e0
1.066667e1,1.305255e2,-6.156631e0
1.070000e1,1.302380e2,-6.251109e0
1.073333e1,1.316046e2,-6.668736e0
1.076667e1,1.345965e2,-7.492336e0
1.080000e1,1.380562e2,-7.971567e0
1.083333e1,1.420856e2,-8.387423e0
1.086667e1,1.450217e2,-8.518710e0
1.090000e1,1.474040e2,-8.715040e0
1.093333e1,1.490369e2,-8.846374e0
1.096667e1,1.500204e2,-8.928006e0
1.100000e1,1.508296e2,-8.912042e0
1.103333e1,1.510290e2,-8.963488e0
1.106667e1,1.513145e2,-8.933102e0
1.110000e1,1.513895e2,-8.945899e0
1.113333e1,1.514086e2,-8.952356e0
1.116667e1,1.514481e2,-8.958063e0
1.120000e1,1.514641e2,-8.961660e0
1.123333e1,1.514552e2,-8.960110e0
1.126667e1,1.510804e2,-8.909021e0
1.130000e1,1.504498e2,-8.083418e0
1.133333e1,1.495833e2,-7.428285e0
1.136667e1,1.490799e2,-7.592900e0
1.140000e1,1.485768e2,-7.443515e0
1.143333e1,1.484247e2,-7.430795e0
1.146667e1,1.480188e2,-7.433391e0
1.150000e1,1.478554e2,-7.365977e0
1.153333e1,1.474715e2,-7.401761e0
1.156667e1,1.470435e2,-7.383373e0
1.160000e1,1.467719e2,-7.377072e0
1.163333e1,1.464914e2,-7.361373e0
1.166667e1,1.460583e2,-7.406978e0
1.170000e1,1.455790e2,-7.420475e0
1.173333e1,1.454340e2,-7.441481e0
1.176667e1,1.484612e2,-8.425495e0
1.180000e1,1.514604e2,-8.934752e0
1.183333e1,1.554503e2,-9.125202e0
1.186667e1,1.588945e2,-9.403787e0
1.190000e1,1.612315e2,-9.591991e0
1.193333e1,1.632689e2,-9.809532e0
1.196667e1,1.643868e2,-9.889534e0
1.200000e1,1.652189e2,-9.924795e0
1.203333e1,1.656892e2,-9.953410e0
1.206667e1,1.657843e2,-9.960445e0
1.210000e1,1.658616e2,-9.980717e0
1.213333e1,1.658704e2,-9.980284e0
1.216667e1,1.658797e2,-9.972615e0
1.220000e1,1.658885e2,-9.986242e0
1.223333e1,1.658810e2,-9.978724e0
1.226667e1,1.658110e2,-9.916305e0
1.230000e1,1.653133e2,-9.445129e0
1.233333e1,1.647486e2,-8.586876e0
1.236667e1,1.642480e2,-8.494803e0
1.240000e1,1.638278e2,-8.443282e0
1.243333e1,1.634033e2,-8.368254e0
1.246667e1,1.629432e2,-8.381834e0
1.250000e1,1.624728e2,-8.336035e0
1.253333e1,1.622821e2,-8.306803e0
1.256667e1,1.618757e2,-8.301064e0
1.260000e1,1.614667e2,-8.359562e0
1.263333e1,1.613351e2,-8.340302e0
1.266667e1,1.609572e2,-8.401076e0
1.270000e1,1.604808e2,-8.364310e0
1.273333e1,1.599877e2,-8.350700e0
1.276667e1,1.623135e2,-9.263252e0
1.280000e1,1.652242e2,-9.879115e0
1.283333e1,1.686902e2,-1.018334e1
1.286667e1,1.727938e2,-1.059523e1
1.290000e1,1.755989e2,-1.071131e1
1.293333e1,1.775854e2,-1.095068e1
1.296667e1,1.792092e2,-1.123737e1
1.300000e1,1.800604e2,-1.127795e1
1.303333e1,1.805835e2,-1.129045e1
1.306667e1,1.807668e2,-1.135370e1
1.310000e1,1.810575e2,-1.132426e1
1.313333e1,1.811131e2,-1.134594e1
1.316667e1,1.811543e2,-1.135201e1
1.320000e1,1.811742e2,-1.135178e1
1.323333e1,1.811806e2,-1.135295e1
1.326667e1,1.811720e2,-1.134976e1
1.330000e1,1.807042e2,-1.109560e1
1.333333e1,1.797984e2,-1.019222e1
1.336667e1,1.792088e2,-9.691219e0
1.340000e1,1.787558e2,-9.765981e0
1.343333e1,1.782579e2,-9.696925e0
1.346667e1,1.778125e2,-9.729813e0
1.350000e1,1.773000e2,-9.686890e0
1.353333e1,1.767628e2,-9.669426e0
1.356667e1,1.762120e2,-9.539969e0
1.360000e1,1.753173e2,-9.608854e0
1.363333e1,1.747474e2,-9.498924e0
1.366667e1,1.738425e2,-9.540251e0
1.370000e1,1.728761e2,-9.395651e0
1.373333e1,1.718834e2,-9.339577e0
1.376667e1,1.723140e2,-9.446684e0
1.380000e1,1.756006e2,-1.049348e1
1.383333e1,1.791720e2,-1.112074e1
1.386667e1,1.835864e2,-1.171198e1
1.390000e1,1.865808e2,-1.193039e1
1.393333e1,1.886867e2,-1.227457e1
1.396667e1,1.906737e2,-1.248674e1
1.400000e1,1.916529e2,-1.254577e1
1.403333e1,1.925054e2,-1.247808e1
1.406667e1,1.929412e2,-1.247284e1
1.410000e1,1.930519e2,-1.252485e1
1.413333e1,1.931087e2,-1.256629e1
1.416667e1,1.931268e2,-1.256446e1
1.420000e1,1.931331e2,-1.260338e1
1.423333e1,1.931253e2,-1.261940e1
1.426667e1,1.931137e2,-1.263607e1
1.430000e1,1.930395e2,-1.251957e1
1.433333e1,1.921686e2,-1.197449e1
1.436667e1,1.911889e2,-1.118272e1
1.440000e1,1.905080e2,-1.111327e1
1.443333e1,1.892147e2,-1.104965e1
1.446667e1,1.880979e2,-1.100549e1
1.450000e1,1.866786e2,-1.093831e1
1.453333e1,1.852413e2,-1.090546e1
1.456667e1,1.840578e2,-1.062152e1
1.460000e1,1.830738e2,-1.045410e1
1.463333e1,1.820791e2,-1.032390e1
1.466667e1,1.812922e2,-1.033235e1
1.470000e1,1.807673e2,-1.033654e1
1.473333e1,1.802471e2,-1.033860e1
1.476667e1,1.796931e2,-1.029820e1
1.480000e1,1.826614e2,-1.138547e1
1.483333e1,1.860798e2,-1.205521e1
1.486667e1,1.901752e2,-1.260728e1
1.490000e1,1.941277e2,-1.280109e1
1.493333e1,1.965680e2,-1.302342e1
1.496667e1,1.985814e2,-1.331836e1
1.500000e1,2.000359e2,-1.338249e1
1.503333e1,2.008677e2,-1.337657e1
1.506667e1,2.014089e2,-1.341417e1
1.510000e1,2.015323e2,-1.346116e1
1.513333e1,2.015624e2,-1.348024e1
1.516667e1,2.018373e2,-1.342085e1
1.520000e1,2.019226e2,-1.342941e1
1.523333e1,2.019450e2,-1.342760e1
1.526667e1,2.019636e2,-1.343763e1
1.530000e1,2.019143e2,-1.342197e1
1.533333e1,2.013866e2,-1.301596e1
1.536667e1,2.004379e2,-1.211964e1
1.540000e1,1.999327e2,-1.201193e1
1.543333e1,1.991354e2,-1.196741e1
1.546667e1,1.986335e2,-1.190289e1
1.550000e1,1.981237e2,-1.189099e1
1.553333e1,1.976105e2,-1.184256e1
1.556667e1,1.971109e2,-1.188437e1
1.560000e1,1.966098e2,-1.187800e1
1.563333e1,1.961078e2,-1.186726e1
1.566667e1,1.956332e2,-1.184092e1
1.570000e1,1.951544e2,-1.186067e1
1.573333e1,1.946203e2,-1.184847e1
1.576667e1,1.939907e2,-1.179750e1
1.580000e1,1.955763e2,-1.242060e1
1.583333e1,1.989144e2,-1.308808e1
1.586667e1,2.028415e2,-1.357018e1
1.590000e1,2.072945e2,-1.405631e1
1.593333e1,2.099094e2,-1.428128e1
1.596667e1,2.122545e2,-1.449351e1
1.600000e1,2.138971e2,-1.474267e1
1.603333e1,2.147987e2,-1.476291e1
1.606667e1,2.153637e2,-1.481002e1
1.610000e1,2.157558e2,-1.480832e1
1.613333e1,2.158691e2,-1.485084e1
1.616667e1,2.159058e2,-1.485326e1
1.620000e1,2.159191e2,-1.486072e1
1.623333e1,2.159322e2,-1.487061e1
1.626667e1,2.159221e2,-1.488036e1
1.630000e1,2.159046e2,-1.486968e1
1.633333e1,2.154109e2,-1.480850e1
1.636667e1,2.144122e2,-1.425987e1
1.640000e1,2.134488e2,-1.353698e1
1.643333e1,2.127897e2,-1.347036e1
1.646667e1,2.123435e2,-1.341328e1
1.650000e1,2.118867e2,-1.337590e1
1.653333e1,2.113564e2,-1.338185e1
1.656667e1,2.104889e2,-1.340512e1
1.660000e1,2.098386e2,-1.337194e1
1.663333e1,2.090186e2,-1.340077e1
1.666667e1,2.084209e2,-1.334279e1
1.670000e1,2.077254e2,-1.332981e1
1.673333e1,2.070119e2,-1.332586e1
1.676667e1,2.063879e2,-1.326381e1
1.680000e1,2.063801e2,-1.329595e1
1.683333e1,2.098132e2,-1.418842e1
1.686667e1,2.134015e2,-1.474179e1
1.690000e1,2.178300e2,-1.516844e1
1.693333e1,2.212569e2,-1.537383e1
1.696667e1,2.233140e2,-1.562424e1
1.700000e1,2.253133e2,-1.587117e1
1.703333e1,2.266480e2,-1.588641e1
1.706667e1,2.271774e2,-1.594701e1
1.710000e1,2.276679e2,-1.595532e1
1.713333e1,2.277771e2,-1.599889e1
