t,x,vx
0.000000e0,0.000000e0,0.000000e0
3.335223e-2,5.393053e-3,-8.207115e-2
6.670445e-2,-5.471410e-3,-1.624578e-1
1.000567e-1,-5.437464e-3,4.709884e-2
1.334089e-1,-2.331487e-3,3.853326e-2
1.667611e-1,-2.868580e-3,2.544101e-1
2.001134e-1,1.462919e-2,2.307282e-1
2.334656e-1,1.251330e-2,-1.711590e-2
2.668178e-1,1.348813e-2,-1.371752e-2
3.001700e-1,1.159879e-2,-3.064712e-2
3.335223e-1,1.144498e-2,-2.936479e0
3.668745e-1,-1.841665e-1,-2.982114e0
4.002267e-1,-1.873626e-1,-1.142702e-1
4.335789e-1,-1.917845e-1,2.708579e-1
4.669312e-1,-1.693054e-1,6.780861e-1
5.002834e-1,-1.465788e-1,5.442844e-1
5.336356e-1,-1.330198e-1,3.728000e-1
5.669878e-1,-1.217254e-1,2.271020e-1
6.003401e-1,-1.178797e-1,-2.591593e-3
6.336923e-1,-1.218982e-1,-5.826167e-2
6.670445e-1,-1.217638e-1,-8.588908e-3
7.003967e-1,-1.224708e-1,4.778888e-2
7.337490e-1,-1.185779e-1,1.574794e-1
7.671012e-1,-1.119722e-1,1.737077e-1
8.004534e-1,-1.069974e-1,3.632516e0
8.338056e-1,1.301956e-1,4.057803e1
8.671579e-1,2.598204e0,8.772848e1
9.005101e-1,5.978761e0,1.121429e2
9.338623e-1,1.007440e1,1.050730e2
9.672145e-1,1.298363e1,7.397651e1
1.000567e0,1.500617e1,5.878922e1
1.033919e0,1.690291e1,4.174146e1
1.067271e0,1.778893e1,2.225914e1
1.100623e0,1.838685e1,1.317382e1
1.133976e0,1.866719e1,6.047299e0
1.167328e0,1.879001e1,1.693219e0
1.200680e0,1.878007e1,-3.052094e-1
1.234032e0,1.876966e1,-2.698740e-1
1.267385e0,1.876208e1,-3.091972e-1
1.300737e0,1.874905e1,-6.960869e-1
1.334089e0,1.871567e1,-1.533032e0
1.367441e0,1.864685e1,-5.175012e0
1.400793e0,1.837067e1,-5.906503e0
1.434146e0,1.825308e1,-2.062864e0
1.467498e0,1.823315e1,-1.980863e0
1.500850e0,1.812102e1,-1.656717e0
1.534202e0,1.812270e1,5.992134e-2
1.567555e0,1.812512e1,6.237745e-2
1.600907e0,1.812696e1,-7.047720e-2
1.634259e0,1.812042e1,-1.193871e-1
1.667611e0,1.811900e1,-1.365123e-1
1.700963e0,1.811132e1,-7.713462e-2
1.734316e0,1.811386e1,6.488948e-2
1.767668e0,1.811564e1,7.042909e-2
1.801020e0,1.811855e1,7.059052e-2
1.834372e0,1.812035e1,3.084953e1
1.867725e0,2.017519e1,7.129654e1
1.901077e0,2.287345e1,9.927003e1
1.934429e0,2.679319e1,1.139836e2
1.967781e0,3.047236e1,8.976602e1
2.001134e0,3.277759e1,6.305258e1
2.034486e0,3.467586e1,4.948441e1
2.067838e0,3.607655e1,3.065851e1
2.101190e0,3.671976e1,1.593985e1
2.134542e0,3.713921e1,9.211951e0
2.167895e0,3.733389e1,3.662214e0
2.201247e0,3.738336e1,3.330835e0
2.234599e0,3.755595e1,3.354738e0
2.267951e0,3.760701e1,1.287330e0
2.301304e0,3.764177e1,8.906875e-1
2.334656e0,3.766639e1,-1.636358e-1
2.368008e0,3.763086e1,-4.462226e0
2.401360e0,3.736890e1,-7.372055e0
2.434712e0,3.713939e1,-4.518198e0
2.468065e0,3.706769e1,-1.817203e0
2.501417e0,3.701824e1,-7.057163e-1
2.534769e0,3.702064e1,6.663580e-2
2.568121e0,3.702269e1,4.764654e-2
2.601474e0,3.702382e1,6.064336e-2
2.634826e0,3.702673e1,1.497417e-1
2.668178e0,3.703380e1,1.920278e-1
2.701530e0,3.703953e1,1.327003e-1
2.734882e0,3.704265e1,-2.923000e-2
2.768235e0,3.703758e1,-5.859482e-2
2.801587e0,3.703874e1,1.225120e-1
2.834939e0,3.704575e1,1.522951e1
2.868291e0,3.805404e1,5.473818e1
2.901644e0,4.069496e1,8.893088e1
2.934996e0,4.398277e1,1.085592e2
2.968348e0,4.793224e1,1.045978e2
3.001700e0,5.095595e1,7.148569e1
3.035052e0,5.269795e1,5.351708e1
3.068405e0,5.452376e1,4.278506e1
3.101757e0,5.555029e1,2.009821e1
3.135109e0,5.586364e1,9.318131e0
3.168461e0,5.617150e1,7.154540e0
3.201814e0,5.634061e1,2.630973e0
3.235166e0,5.634690e1,2.695947e-1
3.268518e0,5.635858e1,3.552846e-1
3.301870e0,5.637058e1,-3.207948e-1
3.335223e0,5.633720e1,-1.123986e0
3.368575e0,5.629565e1,-4.042378e0
3.401927e0,5.606770e1,-7.106390e0
3.435279e0,5.582189e1,-4.063264e0
3.468631e0,5.579682e1,-5.585778e-1
3.501984e0,5.578465e1,-1.797019e0
3.535336e0,5.567702e1,-1.421263e0
3.568688e0,5.568990e1,2.016681e-1
3.602040e0,5.569046e1,-1.418147e-2
3.635393e0,5.568896e1,9.103106e-2
3.668745e0,5.569653e1,1.880402e-1
3.702097e0,5.570149e1,1.179517e-1
3.735449e0,5.570440e1,1.071098e-1
3.768801e0,5.570863e1,6.578123e-2
3.802154e0,5.570878e1,6.631536e-3
3.835506e0,5.570907e1,3.490605e0
3.868858e0,5.594149e1,4.296018e1
3.902210e0,5.857309e1,8.279525e1
3.935563e0,6.146117e1,1.026398e2
3.968915e0,6.541574e1,1.162567e2
4.002267e0,6.921162e1,8.749555e1
4.035619e0,7.124878e1,5.654719e1
4.068971e0,7.298143e1,4.457697e1
4.102324e0,7.422058e1,2.728391e1
4.135676e0,7.480036e1,1.336537e1
4.169028e0,7.511160e1,7.926511e0
4.202380e0,7.532879e1,4.242433e0
4.235733e0,7.539443e1,1.117832e0
4.269085e0,7.540332e1,2.879066e-1
4.302437e0,7.541362e1,-2.016062e-1
4.335789e0,7.538988e1,-5.807283e-1
4.369141e0,7.537491e1,-1.670079e0
4.402494e0,7.527854e1,-6.069646e0
4.435846e0,7.497027e1,-7.403494e0
4.469198e0,7.478497e1,-2.626062e0
4.502550e0,7.479520e1,-3.297000e-1
4.535903e0,7.476299e1,-4.047589e-1
4.569255e0,7.476821e1,-9.648439e-2
4.602607e0,7.475656e1,-2.490753e-1
4.635959e0,7.475119e1,-1.323958e-1
4.669312e0,7.474751e1,-1.024691e-1
4.702664e0,7.474436e1,-2.024392e-2
4.736016e0,7.474616e1,1.176007e-1
4.769368e0,7.475220e1,2.255094e-2
4.802720e0,7.474766e1,-4.884397e-2
4.836073e0,7.474894e1,1.668647e-2
4.869425e0,7.474878e1,3.121990e1
4.902777e0,7.683027e1,7.354982e1
4.936129e0,7.965210e1,9.376289e1
4.969482e0,8.308113e1,1.120148e2
5.002834e0,8.711975e1,9.623957e1
5.036186e0,8.949710e1,6.394125e1
5.069538e0,9.138250e1,5.030950e1
5.102890e0,9.285107e1,3.439005e1
5.136243e0,9.367517e1,1.969407e1
5.169595e0,9.416401e1,1.099252e1
5.202947e0,9.440801e1,4.797999e0
5.236299e0,9.448387e1,1.774677e0
5.269652e0,9.452632e1,1.992051e0
5.303004e0,9.461668e1,2.414474e0
5.336356e0,9.468728e1,1.705027e0
5.369708e0,9.473034e1,7.117321e-1
5.403060e0,9.473473e1,-5.394138e0
5.436413e0,9.437073e1,-1.308954e1
5.469765e0,9.386210e1,-8.186994e0
5.503117e0,9.382494e1,-7.356853e-1
5.536469e0,9.381305e1,-2.841093e-1
5.569822e0,9.380599e1,-1.271746e-1
5.603174e0,9.380457e1,-1.239544e-1
5.636526e0,9.379773e1,-1.535450e-1
5.669878e0,9.379434e1,-7.200105e-2
5.703230e0,9.379293e1,-5.157316e-2
5.736583e0,9.379090e1,-8.682631e-2
5.769935e0,9.378714e1,-6.205123e-2
5.803287e0,9.378676e1,7.487240e-2
5.836639e0,9.379213e1,7.171120e-2
5.869992e0,9.379154e1,1.167312e1
5.903344e0,9.457034e1,5.579696e1
5.936696e0,9.751134e1,9.240242e1
5.970048e0,1.007305e2,1.145434e2
6.003401e0,1.051476e2,1.053112e2
6.036753e0,1.077513e2,7.091443e1
6.070105e0,1.098752e2,5.711075e1
6.103457e0,1.115586e2,4.012120e1
6.136809e0,1.125499e2,2.125555e1
6.170162e0,1.129757e2,1.109487e1
6.203514e0,1.132896e2,7.442691e0
6.236866e0,1.134719e2,3.168160e0
6.270218e0,1.135008e2,9.127864e-1
6.303571e0,1.135327e2,1.817650e-1
6.336923e0,1.135129e2,-4.095614e-1
6.370275e0,1.135054e2,-5.166014e-1
6.403627e0,1.134785e2,-3.164727e0
6.436979e0,1.132944e2,-9.894884e0
6.470332e0,1.128188e2,-1.177846e1
6.503684e0,1.125092e2,-6.839993e0
6.537036e0,1.123628e2,-2.320750e0
6.570388e0,1.123545e2,-4.470366e-1
6.603741e0,1.123330e2,-5.686871e-1
6.637093e0,1.123166e2,-5.473745e-1
6.670445e0,1.122965e2,-5.477156e-1
6.703797e0,1.122800e2,-2.552875e0
6.737149e0,1.121263e2,-3.268992e0
6.770502e0,1.120621e2,-3.517811e0
6.803854e0,1.118918e2,-4.064437e0
6.837206e0,1.117911e2,-2.673041e0
6.870558e0,1.117136e2,-5.944651e-1
6.903911e0,1.117515e2,3.751127e1
6.937263e0,1.142144e2,8.259941e1
6.970615e0,1.172581e2,1.066632e2
7.003967e0,1.213253e2,1.113402e2
7.037319e0,1.246808e2,8.344122e1
7.070672e0,1.268880e2,6.149899e1
7.104024e0,1.287808e2,4.772616e1
7.137376e0,1.300697e2,2.939285e1
7.170728e0,1.307403e2,1.515150e1
7.204081e0,1.310798e2,8.750175e0
7.237433e0,1.313236e2,5.169887e0
7.270785e0,1.314245e2,2.412589e0
7.304137e0,1.314845e2,1.206696e0
7.337490e0,1.315050e2,5.513005e-1
7.370842e0,1.315212e2,5.104289e-1
7.404194e0,1.315390e2,-8.042638e-1
7.437546e0,1.314676e2,-9.183304e0
7.470898e0,1.309268e2,-1.579621e1
7.504251e0,1.304145e2,-1.082334e1
7.537603e0,1.302052e2,-4.355760e0
7.570955e0,1.301241e2,-3.109193e0
7.604307e0,1.299979e2,-3.032844e0
7.637660e0,1.299219e2,-2.502507e0
7.671012e0,1.298311e2,-2.578282e0
7.704364e0,1.297501e2,-1.250930e0
7.737716e0,1.297477e2,-5.655591e-1
7.771068e0,1.297114e2,-4.476716e-1
7.804421e0,1.297171e2,4.301463e-1
7.837773e0,1.297401e2,4.028055e-1
7.871125e0,1.297440e2,2.182283e-1
7.904477e0,1.297546e2,2.115689e1
7.937830e0,1.311544e2,6.393401e1
7.971182e0,1.340169e2,9.853958e1
8.004534e0,1.377237e2,1.150246e2
8.037886e0,1.416852e2,9.300971e1
8.071238e0,1.439244e2,6.434994e1
8.104591e0,1.459752e2,5.369849e1
8.137943e0,1.475043e2,3.534134e1
8.171295e0,1.483313e2,1.973329e1
8.204647e0,1.488198e2,1.233194e1
8.238000e0,1.491534e2,5.782173e0
8.271352e0,1.492053e2,1.270887e0
8.304704e0,1.492382e2,1.497789e0
8.338056e0,1.493052e2,1.607782e0
8.371408e0,1.493453e2,9.567814e-1
8.404761e0,1.493689e2,5.339000e-1
8.438113e0,1.493809e2,-5.244636e0
8.471465e0,1.490193e2,-1.196333e1
8.504817e0,1.485834e2,-8.366844e0
8.538170e0,1.484615e2,-1.866781e0
8.571522e0,1.484589e2,-1.358545e-1
8.604874e0,1.484525e2,-1.075778e-1
8.638226e0,1.484518e2,-5.626821e-2
8.671579e0,1.484487e2,-7.710966e-2
8.704931e0,1.484466e2,-4.474149e-1
8.738283e0,1.484189e2,-3.436700e-1
8.771635e0,1.484237e2,-7.473537e-2
8.804987e0,1.484139e2,-3.456301e-1
8.838340e0,1.484007e2,-1.444154e-1
8.871692e0,1.484043e2,6.515580e-2
8.905044e0,1.484050e2,7.755387e0
8.938396e0,1.489213e2,4.783155e1
8.971749e0,1.515938e2,8.651555e1
9.005101e0,1.546890e2,1.094815e2
9.038453e0,1.588925e2,1.085498e2
9.071805e0,1.619256e2,7.745711e1
9.105157e0,1.640564e2,5.814020e1
9.138510e0,1.658017e2,4.203510e1
9.171862e0,1.668587e2,2.574473e1
9.205214e0,1.675180e2,1.503993e1
9.238566e0,1.678614e2,7.984315e0
9.271919e0,1.680503e2,3.733976e0
9.305271e0,1.681103e2,1.338951e0
9.338623e0,1.681395e2,7.116968e-1
9.371975e0,1.681577e2,2.545724e-1
9.405327e0,1.681565e2,-2.506073e-1
9.438680e0,1.681410e2,-2.637850e0
9.472032e0,1.679806e2,-9.729301e0
9.505384e0,1.674924e2,-1.282688e1
9.538736e0,1.671255e2,-5.783523e0
9.572089e0,1.671068e2,-5.601975e-1
9.605441e0,1.670882e2,-4.014062e-1
9.638793e0,1.670801e2,-2.762075e-1
9.672145e0,1.670698e2,-1.123818e0
9.705497e0,1.670052e2,-2.008164e0
9.738850e0,1.669359e2,-1.586887e0
9.772202e0,1.668994e2,-7.473379e-1
9.805554e0,1.668861e2,-2.345042e-1
9.838906e0,1.668837e2,-2.451552e-1
9.872259e0,1.668697e2,-2.804075e-1
9.905611e0,1.668650e2,2.788326e-1
9.938963e0,1.668883e2,3.480278e1
9.972315e0,1.691852e2,7.889139e1
1.000567e1,1.721477e2,1.032560e2
1.003902e1,1.760690e2,1.149525e2
1.007237e1,1.798112e2,8.781030e1
1.010572e1,1.819230e2,6.144956e1
1.013908e1,1.839079e2,5.178561e1
1.017243e1,1.853754e2,3.218812e1
1.020578e1,1.860537e2,1.696486e1
1.023913e1,1.865063e2,9.904715e0
1.027249e1,1.867141e2,3.505702e0
1.030584e1,1.867401e2,5.793981e-1
1.033919e1,1.867527e2,3.764818e-1
1.037254e1,1.867652e2,2.230985e-1
1.040589e1,1.867676e2,1.116980e-1
1.043925e1,1.867726e2,-7.379884e-1
1.047260e1,1.867184e2,-6.364090e0
1.050595e1,1.863483e2,-6.860624e0
1.053930e1,1.862610e2,-1.843611e0
1.057266e1,1.862254e2,-7.946485e-1
1.060601e1,1.862080e2,-4.040381e-1
1.063936e1,1.861985e2,-2.007881e-1
1.067271e1,1.861946e2,-2.482582e-1
1.070606e1,1.861819e2,-2.948568e-1
1.073942e1,1.861750e2,-2.764566e-2
1.077277e1,1.861801e2,-4.020234e-2
1.080612e1,1.861723e2,-1.267241e-1
1.083947e1,1.861714e2,-1.281458e-1
1.087283e1,1.861635e2,-1.737852e-1
1.090618e1,1.861598e2,-7.782185e-1
1.093953e1,1.861116e2,1.622257e1
1.097288e1,1.872413e2,6.087799e1
1.100623e1,1.901702e2,1.001869e2
1.103959e1,1.939205e2,1.176681e2
1.107294e1,1.980147e2,9.867269e1
1.110629e1,2.004987e2,6.989025e1
1.113964e1,2.026741e2,5.683541e1
1.117300e1,2.042877e2,3.769661e1
1.120635e1,2.051872e2,2.209397e1
1.123970e1,2.057606e2,1.214072e1
1.127305e1,2.059966e2,5.848326e0
1.130640e1,2.061505e2,3.113289e0
1.133976e1,2.062041e2,1.567619e0
1.137311e1,2.062550e2,8.354160e-1
1.140646e1,2.062598e2,2.658429e-1
1.143981e1,2.062727e2,-1.407508e-2
1.147317e1,2.062589e2,-4.378529e0
1.150652e1,2.059808e2,-1.054961e1
1.153987e1,2.055556e2,-6.043211e0
1.157322e1,2.055780e2,5.420131e-1
1.160657e1,2.055917e2,1.952181e-1
1.163993e1,2.055910e2,2.983145e-2
1.167328e1,2.055937e2,1.246372e-1
1.170663e1,2.055993e2,1.492787e-1
1.173998e1,2.056036e2,-4.728479e-2
1.177334e1,2.055961e2,-1.356741e-1
1.180669e1,2.055946e2,-2.183461e-1
1.184004e1,2.055816e2,-3.300835e-1
1.187339e1,2.055726e2,-3.530475e-1
1.190674e1,2.055580e2,-7.669698e-2
1.194010e1,2.055675e2,3.027289e0
1.197345e1,2.057599e2,4.347066e1
1.200680e1,2.084655e2,8.737845e1
1.204015e1,2.115851e2,1.095006e2
1.207351e1,2.157655e2,1.131254e2
1.210686e1,2.191268e2,8.132961e1
1.214021e1,2.211875e2,5.901696e1
1.217356e1,2.230612e2,4.778517e1
1.220691e1,2.243732e2,2.849030e1
1.224027e1,2.249606e2,1.589508e1
1.227362e1,2.254329e2,1.330239e1
1.230697e1,2.258474e2,7.626075e0
1.234032e1,2.259413e2,3.125091e0
1.237368e1,2.260558e2,5.033094e0
1.240703e1,2.262768e2,2.718695e0
1.244038e1,2.262370e2,-9.907839e-1
1.247373e1,2.262108e2,-2.299379e0
1.250708e1,2.260837e2,-8.621343e0
1.254044e1,2.256360e2,-7.669495e0
1.257379e1,2.255724e2,-9.196131e-1
1.260714e1,2.255747e2,1.251118e-1
1.264049e1,2.255808e2,2.188563e-1
1.267385e1,2.255893e2,1.662196e-1
1.270720e1,2.255918e2,-9.417981e-3
1.274055e1,2.255887e2,-2.591757e-2
1.277390e1,2.255901e2,7.798000e-3
1.280725e1,2.255892e2,-2.391090e-2
1.284061e1,2.255885e2,-7.100928e-3
1.287396e1,2.255887e2,1.004203e-2
1.290731e1,2.255892e2,5.181801e-2
1.294066e1,2.255922e2,5.770302e-2
1.297402e1,2.255930e2,3.167908e1
1.300737e1,2.277041e2,7.449341e1
1.304072e1,2.305593e2,1.007346e2
1.307407e1,2.344197e2,1.205462e2
1.310742e1,2.385957e2,9.078301e1
1.314078e1,2.404719e2,5.368972e1
1.317413e1,2.421750e2,4.714323e1
1.320748e1,2.436148e2,3.649919e1
1.324083e1,2.446083e2,2.045996e1
1.327419e1,2.449788e2,9.818443e0
1.330754e1,2.452628e2,5.537169e0
1.334089e1,2.453480e2,1.427426e0
1.337424e1,2.453580e2,4.213986e-1
1.340759e1,2.453761e2,6.683247e-1
1.344095e1,2.454025e2,3.429834e-1
1.347430e1,2.453989e2,-4.845045e-1
1.350765e1,2.453702e2,-4.928815e0
1.354100e1,2.450703e2,-7.907991e0
1.357436e1,2.448430e2,-3.656734e0
1.360771e1,2.448266e2,-5.703620e-1
1.364106e1,2.448050e2,-4.131775e-1
1.367441e1,2.447990e2,-2.541689e-1
1.370776e1,2.447881e2,-2.296677e-1
1.374112e1,2.447837e2,-1.305295e-1
1.377447e1,2.447794e2,-1.399951e-1
1.380782e1,2.447744e2,-1.101665e-1
1.384117e1,2.447720e2,-9.968209e-2
1.387453e1,2.447677e2,-1.891295e-1
1.390788e1,2.447594e2,-9.582234e-2
1.394123e1,2.447613e2,2.880695e-2
1.397458e1,2.447614e2,1.455508e1
1.400793e1,2.457559e2,6.000310e1
1.404129e1,2.487616e2,1.027009e2
1.407464e1,2.526027e2,1.160222e2
1.410799e1,2.564964e2,9.863548e1
1.414134e1,2.591784e2,7.233843e1
1.417470e1,2.613190e2,5.789711e1
1.420805e1,2.630382e2,4.096238e1
1.424140e1,2.640498e2,2.477692e1
1.427475e1,2.646900e2,1.419554e1
1.430810e1,2.649962e2,6.954737e0
1.434146e1,2.651536e2,3.019245e0
1.437481e1,2.651975e2,1.442921e0
1.440816e1,2.652498e2,1.484493e0
1.444151e1,2.652964e2,5.927642e-1
1.447487e1,2.652893e2,-2.997070e-1
1.450822e1,2.652764e2,-4.353554e0
1.454157e1,2.649991e2,-1.211643e1
1.457492e1,2.644687e2,-1.362790e1
1.460827e1,2.640906e2,-6.892494e0
1.464163e1,2.640092e2,-1.805937e0
1.467498e1,2.639702e2,-2.609157e0
1.470833e1,2.638352e2,-2.977967e0
1.474168e1,2.637716e2,-1.780061e0
1.477504e1,2.637166e2,-2.250185e0
1.480839e1,2.636216e2,-1.925184e0
1.484174e1,2.635882e2,-1.868332e0
1.487509e1,2.634971e2,-5.041514e0
1.490844e1,2.632521e2,-5.892367e0
1.494180e1,2.631042e2,-6.860776e0
1.497515e1,2.627947e2,-6.104333e0
1.500850e1,2.626973e2,4.093032e1
1.504185e1,2.655234e2,9.910281e1
1.507521e1,2.693041e2,1.178338e2
1.510856e1,2.733790e2,1.045508e2
1.514191e1,2.762742e2,8.031382e1
1.517526e1,2.787333e2,6.431107e1
1.520861e1,2.805616e2,4.559162e1
1.524197e1,2.817727e2,2.914064e1
1.527532e1,2.825043e2,1.668048e1
1.530867e1,2.828847e2,8.036585e0
1.534202e1,2.830401e2,3.434731e0
1.537538e1,2.831137e2,2.822775e0
1.540873e1,2.832283e2,2.240971e0
1.544208e1,2.832631e2,8.683881e-1
1.547543e1,2.832862e2,6.214496e-1
1.550878e1,2.833045e2,-7.876190e-1
1.554214e1,2.832336e2,-1.026059e1
1.557549e1,2.826205e2,-1.627961e1
1.560884e1,2.821483e2,-1.118830e1
1.564219e1,2.818746e2,-6.941529e0
1.567555e1,2.816856e2,-3.269850e0
1.570890e1,2.816566e2,-4.597041e-1
1.574225e1,2.816549e2,-1.467509e-2
1.577560e1,2.816557e2,-1.436026e-1
1.580895e1,2.816453e2,-3.086911e-1
1.584231e1,2.816351e2,-2.467725e0
1.587566e1,2.814808e2,-5.446737e0
1.590901e1,2.812720e2,-5.383063e0
1.594236e1,2.811220e2,-5.026186e0
1.597572e1,2.809369e2,-7.203311e0
1.600907e1,2.806417e2,2.130707e1
1.604242e1,2.823573e2,7.554884e1
1.607577e1,2.856783e2,1.140924e2
1.610912e1,2.899635e2,1.138459e2
1.614248e1,2.932681e2,8.897560e1
1.617583e1,2.958952e2,7.227962e1
1.620918e1,2.980867e2,5.450203e1
1.624253e1,2.995287e2,3.657319e1
1.627589e1,3.005249e2,2.129622e1
1.630924e1,3.009484e2,8.872348e0
1.634259e1,3.011164e2,4.991372e0
1.637594e1,3.012812e2,3.488294e0
1.640929e1,3.013490e2,1.907264e0
1.644265e1,3.014083e2,1.657365e0
1.647600e1,3.014594e2,1.353975e0
1.650935e1,3.014986e2,2.325231e-1
1.654270e1,3.014750e2,-5.693785e0
1.657606e1,3.011190e2,-1.432474e1
1.660941e1,3.005200e2,-1.338227e1
1.664276e1,3.002269e2,-6.592596e0
1.667611e1,3.000805e2,-3.794606e0
1.670946e1,2.999739e2,-3.429408e0
1.674282e1,2.998518e2,-3.279120e0
1.677617e1,2.997553e2,-2.489563e0
1.680952e1,2.996859e2,-1.626970e0
1.684287e1,2.996468e2,-4.096572e0
1.687623e1,2.994128e2,-5.604403e0
1.690958e1,2.992732e2,-2.612183e0
1.694293e1,2.992386e2,-1.090295e0
1.697628e1,2.992005e2,-3.660296e-1
1.700963e1,2.992142e2,7.311747e0
1.704299e1,2.996880e2,4.885300e1
1.707634e1,3.025525e2,9.382627e1
1.710969e1,3.060994e2,1.173345e2
1.714304e1,3.103748e2,1.071553e2
1.717640e1,3.132431e2,7.516267e1
1.720975e1,3.153856e2,6.072100e1
1.724310e1,3.172912e2,4.373934e1
1.727645e1,3.183016e2,2.332702e1
1.730980e1,3.188463e2,1.467841e1
1.734316e1,3.192802e2,8.592231e0
1.737651e1,3.194191e2,3.670289e0
1.740986e1,3.195248e2,2.639782e0
1.744321e1,3.195951e2,8.303507e-1
1.747657e1,3.195802e2,-2.727412e-1
1.750992e1,3.195769e2,-2.749425e-1
1.754327e1,3.195619e2,-3.004620e0
1.757662e1,3.193766e2,-1.365181e1
1.760997e1,3.186518e2,-2.085308e1
1.764333e1,3.179864e2,-1.668874e1
1.767668e1,3.175392e2,-1.356227e1
1.771003e1,3.170823e2,-1.149322e1
1.774338e1,3.167730e2,-7.019641e0
1.777674e1,3.166143e2,-5.886567e0
1.781009e1,3.163805e2,-5.538620e0
1.784344e1,3.162450e2,-7.335529e0
1.787679e1,3.158915e2,-8.584493e0
1.791014e1,3.156727e2,-7.752199e0
1.794350e1,3.153747e2,-7.886164e0
1.797685e1,3.151470e2,-8.586959e0
1.801020e1,3.148022e2,-5.012781e0
1.804355e1,3.148128e2,3.631754e1
1.807691e1,3.172234e2,8.350216e1
1.811026e1,3.203796e2,1.092710e2
1.814361e1,3.245081e2,1.143130e2
1.817696e1,3.280005e2,8.784267e1
1.821031e1,3.303643e2,6.389798e1
1.824367e1,3.322603e2,5.255615e1
1.827702e1,3.338680e2,3.138090e1
1.831037e1,3.343524e2,1.503070e1
1.834372e1,3.348701e2,1.184814e1
1.837708e1,3.351423e2,4.985908e0
1.841043e1,3.352025e2,1.502534e0
1.844378e1,3.352425e2,7.285053e-1
1.847713e1,3.352510e2,2.573931e-1
1.851048e1,3.352596e2,-1.814749e-1
1.854384e1,3.352389e2,-4.316138e-1
1.857719e1,3.352308e2,-6.743675e0
1.861054e1,3.347894e2,-1.739053e1
1.864389e1,3.340715e2,-1.371735e1
1.867725e1,3.338749e2,-4.505810e0
1.871060e1,3.337711e2,-3.203728e0
1.874395e1,3.336613e2,-2.815904e0
1.877730e1,3.335834e2,-1.686868e0
1.881065e1,3.335488e2,-3.642652e-1
1.884401e1,3.335591e2,-5.655615e-1
1.887736e1,3.335111e2,-1.400195e0
1.891071e1,3.334657e2,-1.717400e0
1.894406e1,3.333966e2,-2.525794e0
1.897742e1,3.332973e2,-4.182436e0
1.901077e1,3.331178e2,-2.781522e0
1.904412e1,3.331119e2,2.225036e1
1.907747e1,3.346012e2,6.533792e1
1.911082e1,3.374678e2,9.762945e1
1.914418e1,3.411098e2,1.182684e2
1.917753e1,3.453523e2,1.018318e2
1.921088e1,3.478986e2,6.832688e1
1.924423e1,3.499075e2,5.584828e1
1.927759e1,3.516218e2,3.933503e1
1.931094e1,3.525298e2,1.890270e1
1.934429e1,3.528820e2,1.340734e1
1.937764e1,3.534236e2,9.864031e0
1.941099e1,3.535396e2,2.302896e0
1.944435e1,3.535771e2,8.893389e-1
1.947770e1,3.535989e2,6.958341e-1
1.951105e1,3.536235e2,5.488322e-1
1.954440e1,3.536355e2,7.407450e-2
1.957776e1,3.536285e2,-4.014991e0
1.961111e1,3.533678e2,-1.663537e1
1.964446e1,3.525194e2,-1.915606e1
1.967781e1,3.520907e2,-1.143492e1
1.971116e1,3.517571e2,-9.201348e0
1.974452e1,3.514773e2,-5.316214e0
1.977787e1,3.514027e2,-5.763904e0
1.981122e1,3.510930e2,-7.245301e0
1.984457e1,3.509197e2,-8.894449e0
1.987793e1,3.505001e2,-1.151448e1
1.991128e1,3.501520e2,-1.025565e1
1.994463e1,3.498164e2,-1.018546e1
1.997798e1,3.494730e2,-1.257601e1
2.001134e1,3.489780e2,-1.234457e1
2.004469e1,3.486500e2,-1.346708e0
2.007804e1,3.488882e2,4.405885e1
2.011139e1,3.516607e2,8.627001e1
2.014474e1,3.547833e2,1.137047e2
2.017810e1,3.592410e2,1.136402e2
2.021145e1,3.623593e2,7.904588e1
2.024480e1,3.645108e2,6.027211e1
2.027815e1,3.663775e2,4.466634e1
2.031151e1,3.674885e2,2.741019e1
2.034486e1,3.682048e2,1.441519e1
2.037821e1,3.684495e2,4.393476e0
2.041156e1,3.684977e2,9.074027e-1
2.044491e1,3.685100e2,2.194865e-1
2.047827e1,3.685123e2,6.907617e-2
2.051162e1,3.685146e2,-2.478427e-1
2.054497e1,3.684958e2,-4.297396e-1
2.057832e1,3.684860e2,-6.153347e-1
2.061168e1,3.684548e2,-6.491779e0
2.064503e1,3.680532e2,-1.766718e1
2.067838e1,3.672770e2,-2.256431e1
2.071173e1,3.665489e2,-1.456502e1
2.074508e1,3.663060e2,-6.906325e0
2.077844e1,3.660885e2,-1.145316e1
2.081179e1,3.655424e2,-9.700884e0
2.084514e1,3.654418e2,-2.309832e0
2.087849e1,3.653884e2,-1.381659e0
2.091185e1,3.653497e2,-1.020459e0
2.094520e1,3.653204e2,-8.861274e-1
2.097855e1,3.652906e2,-7.634720e-1
2.101190e1,3.652695e2,-7.209833e-1
2.104525e1,3.652425e2,-2.973991e-1
2.107861e1,3.652497e2,3.380335e1
2.111196e1,3.674961e2,7.779006e1
2.114531e1,3.704357e2,1.029550e2
2.117866e1,3.743597e2,1.145542e2
2.121202e1,3.780726e2,9.530801e1
2.124537e1,3.807136e2,6.153015e1
2.127872e1,3.821746e2,4.724980e1
2.131207e1,3.838636e2,3.866402e1
2.134542e1,3.847522e2,1.812544e1
2.137878e1,3.850720e2,1.289944e1
2.141213e1,3.856122e2,1.029445e1
2.144548e1,3.857582e2,2.881206e0
2.147883e1,3.858043e2,1.793080e0
2.151219e1,3.858778e2,1.899873e0
2.154554e1,3.859309e2,5.767396e-1
2.157889e1,3.859162e2,-9.740779e-1
2.161224e1,3.858660e2,-1.055226e1
2.164559e1,3.852128e2,-1.438004e1
2.167895e1,3.849073e2,-4.446716e0
2.171230e1,3.849163e2,-1.650988e-1
2.174565e1,3.848963e2,-7.287849e-1
2.177900e1,3.848677e2,-2.606240e-1
2.181236e1,3.848790e2,-7.519107e-2
2.184571e1,3.848627e2,-1.819764e-1
2.187906e1,3.848668e2,8.768633e-2
2.191241e1,3.848686e2,-6.071457e-1
2.194576e1,3.848263e2,-1.298659e0
2.197912e1,3.847820e2,-1.348757e0
2.201247e1,3.847364e2,-1.749325e0
2.204582e1,3.846654e2,-3.239081e0
2.207917e1,3.845205e2,1.525568e1
2.211253e1,3.856824e2,6.175328e1
2.214588e1,3.886374e2,9.234656e1
2.217923e1,3.918388e2,1.118924e2
2.221258e1,3.960969e2,1.066694e2
2.224593e1,3.989501e2,7.711925e1
2.227929e1,4.012382e2,6.146556e1
2.231264e1,4.030478e2,4.416079e1
2.234599e1,4.041822e2,2.355861e1
2.237934e1,4.046184e2,1.124604e1
2.241270e1,4.049319e2,8.424441e0
2.244605e1,4.051800e2,4.703343e0
2.247940e1,4.052455e2,2.318693e0
2.251275e1,4.053346e2,1.688089e0
2.254610e1,4.053580e2,7.932793e-1
2.257946e1,4.053875e2,2.826734e-1
2.261281e1,4.053769e2,-2.555038e0
2.264616e1,4.052172e2,-1.286467e1
2.267951e1,4.045192e2,-1.437247e1
2.271287e1,4.042590e2,-4.018442e0
2.274622e1,4.042513e2,-3.296525e-1
2.277957e1,4.042370e2,-2.479534e-1
2.281292e1,4.042348e2,-3.619037e-2
2.284627e1,4.042346e2,-3.763284e-1
2.287963e1,4.042097e2,-5.645389e-1
2.291298e1,4.041970e2,-7.545254e0
2.294633e1,4.037067e2,-1.140365e1
2.297968e1,4.034367e2,-6.793766e0
2.301304e1,4.032538e2,-4.985403e0
2.304639e1,4.031044e2,-7.448050e0
2.307974e1,4.027573e2,-4.238670e0
2.311309e1,4.028218e2,4.512731e1
2.314644e1,4.057657e2,9.252475e1
2.317980e1,4.089901e2,1.115070e2
2.321315e1,4.131995e2,1.102123e2
2.324650e1,4.165213e2,8.415789e1
2.327985e1,4.189503e2,6.573448e1
2.331321e1,4.209036e2,4.985488e1
2.334656e1,4.222740e2,3.017682e1
2.337991e1,4.229154e2,1.667418e1
2.341326e1,4.233856e2,1.259792e1
2.344661e1,4.237552e2,6.217970e0
2.347997e1,4.238001e2,1.324360e0
2.351332e1,4.238435e2,1.556641e0
2.354667e1,4.239039e2,1.744332e0
2.358002e1,4.239598e2,7.382996e-1
2.361338e1,4.239531e2,-5.328910e-1
2.364673e1,4.239243e2,-1.086348e1
2.368008e1,4.232289e2,-2.452710e1
2.371343e1,4.222891e2,-2.139656e1
2.374678e1,4.218025e2,-1.522581e1
2.378014e1,4.212741e2,-1.262201e1
2.381349e1,4.209610e2,-6.550292e0
2.384684e1,4.208374e2,-2.689173e0
2.388019e1,4.207817e2,-6.110832e0
2.391355e1,4.204300e2,-5.043481e0
2.394690e1,4.204455e2,-4.154601e-1
2.398025e1,4.204023e2,-8.748099e-1
2.401360e1,4.203872e2,-3.074935e-1
2.404695e1,4.203818e2,-8.595657e-2
2.408031e1,4.203814e2,-5.000799e-2
2.411366e1,4.203785e2,3.590766e1
2.414701e1,4.227753e2,8.134151e1
2.418036e1,4.258013e2,1.029908e2
2.421372e1,4.296413e2,1.182503e2
2.424707e1,4.336846e2,1.050131e2
2.428042e1,4.366422e2,7.460192e1
2.431377e1,4.386581e2,4.693518e1
2.434712e1,4.397712e2,3.028867e1
2.438048e1,4.406773e2,2.527781e1
2.441383e1,4.414564e2,1.369655e1
2.444718e1,4.415904e2,2.481751e0
2.448053e1,4.416218e2,1.161731e0
2.451389e1,4.416679e2,1.162216e0
2.454724e1,4.416993e2,1.011770e0
2.458059e1,4.417353e2,5.553003e-1
2.461394e1,4.417363e2,-2.103620e-1
2.464729e1,4.417213e2,-2.554224e0
2.468065e1,4.415661e2,-4.764364e0
2.471400e1,4.414037e2,-3.338415e0
2.474735e1,4.413435e2,-3.787207e0
2.478070e1,4.411512e2,-5.189130e0
2.481406e1,4.409976e2,-1.095902e0
2.484741e1,4.410781e2,-1.647125e0
2.488076e1,4.408878e2,-1.312009e0
2.491411e1,4.409907e2,6.985791e-1
2.494746e1,4.409343e2,-6.117767e-1
2.498082e1,4.409499e2,-2.394156e-1
2.501417e1,4.409184e2,-2.152251e-1
2.504752e1,4.409355e2,7.666671e-1
2.508087e1,4.409695e2,-5.906461e-1
2.511423e1,4.408961e2,1.081850e1
2.514758e1,4.416907e2,6.460045e1
2.518093e1,4.452028e2,1.047466e2
2.521428e1,4.486738e2,1.141352e2
2.524763e1,4.528119e2,1.189107e2
2.528099e1,4.566012e2,9.827124e1
2.531434e1,4.593633e2,6.057837e1
2.534769e1,4.606398e2,3.974948e1
2.538104e1,4.620132e2,2.989346e1
2.541440e1,4.626327e2,1.475753e1
2.544775e1,4.629971e2,6.989035e0
2.548110e1,4.630986e2,2.214732e0
2.551445e1,4.631447e2,1.606364e0
2.554780e1,4.632057e2,3.526412e-1
2.558116e1,4.631682e2,-1.710064e0
2.561451e1,4.630917e2,-1.937958e-1
2.564786e1,4.631553e2,-8.877623e-1
2.568121e1,4.630325e2,-1.293424e1
2.571457e1,4.622930e2,-1.167942e1
2.574792e1,4.622539e2,-8.905933e-1
2.578127e1,4.622337e2,-5.673162e-1
2.581462e1,4.622160e2,-1.310108e0
2.584797e1,4.621463e2,-8.892411e-1
2.588133e1,4.621568e2,-4.751071e-1
2.591468e1,4.621146e2,-8.094387e-1
2.594803e1,4.621028e2,-3.726926e0
2.598138e1,4.618662e2,-1.440904e1
2.601474e1,4.611422e2,-1.509700e1
2.604809e1,4.608597e2,-1.365435e1
2.608144e1,4.602319e2,-1.395709e1
2.611479e1,4.599292e2,-3.642477e0
2.614814e1,4.599891e2,4.709207e1
2.618150e1,4.630687e2,7.693346e1
2.621485e1,4.651180e2,6.593918e1
2.624820e1,4.674647e2,8.045331e1
2.628155e1,4.704815e2,9.019584e1
2.631491e1,4.734777e2,6.916778e1
2.634826e1,4.752080e2,4.880232e1
2.638161e1,4.768125e2,3.761303e1
2.641496e1,4.777155e2,1.554273e1
2.644831e1,4.778487e2,4.463351e0
2.648167e1,4.780131e2,0.000000e0
