t,x,vx
0.000000e0,4.846686e-1,0.000000e0
3.335106e-2,-3.190513e0,-2.383917e1
6.670213e-2,-1.104609e0,5.498614e1
1.000532e-1,4.752294e-1,3.681206e1
1.334043e-1,1.349528e0,2.039934e1
1.667553e-1,1.835185e0,1.067084e1
2.001064e-1,2.060918e0,4.843493e0
2.334574e-1,2.158085e0,1.186414e0
2.668085e-1,2.140012e0,-4.625177e-1
3.001596e-1,2.127250e0,-6.161540e-1
3.335106e-1,2.098935e0,-6.854962e-1
3.668617e-1,2.081550e0,-5.390501e-1
4.002128e-1,2.062998e0,-3.148826e0
4.335638e-1,1.871629e0,-9.077326e0
4.669149e-1,1.457843e0,-9.047698e0
5.002660e-1,1.268449e0,-2.064720e0
5.336170e-1,1.320195e0,1.274078e0
5.669681e-1,1.353387e0,8.974813e-1
6.003191e-1,1.380027e0,7.318662e-1
6.336702e-1,1.402178e0,5.295771e-1
6.670213e-1,1.415333e0,3.698896e-1
7.003723e-1,1.426838e0,2.927851e-1
7.337234e-1,1.434852e0,2.461687e-1
7.670745e-1,1.443249e0,7.040968e-2
8.004255e-1,1.439546e0,-7.061050e-2
8.337766e-1,1.438542e0,3.546015e-1
8.671277e-1,1.463186e0,6.886483e-1
9.004787e-1,1.484452e0,4.087782e1
9.338298e-1,4.188374e0,8.596698e1
9.671809e-1,7.215584e0,1.021601e2
1.000532e0,1.099905e1,1.079745e2
1.033883e0,1.441388e1,8.696320e1
1.067234e0,1.679660e1,6.351436e1
1.100585e0,1.864817e1,4.562418e1
1.133936e0,1.983821e1,2.734026e1
1.167287e0,2.047086e1,1.507159e1
1.200638e0,2.084298e1,7.936889e0
1.233989e0,2.099998e1,2.364068e0
1.267340e0,2.100059e1,3.481351e-1
1.300691e0,2.102319e1,1.896631e-1
1.334043e0,2.101323e1,-4.891280e-1
1.367394e0,2.099058e1,-6.205740e-1
1.400745e0,2.097186e1,-6.327220e-1
1.434096e0,2.094840e1,-7.160308e0
1.467447e0,2.049450e1,-9.282383e0
1.500798e0,2.032958e1,-2.352989e0
1.534149e0,2.033764e1,3.842301e-1
1.567500e0,2.035583e1,3.222057e-1
1.600851e0,2.035966e1,1.342797e-1
1.634202e0,2.036478e1,1.163100e-1
1.667553e0,2.036741e1,7.849978e-2
1.700904e0,2.037002e1,1.161415e-1
1.734255e0,2.037515e1,3.994908e-2
1.767606e0,2.037268e1,-1.127101e-2
1.800957e0,2.037440e1,4.796770e-2
1.834309e0,2.037588e1,3.314604e-2
1.867660e0,2.037661e1,2.520566e-2
1.901011e0,2.037756e1,2.536361e1
1.934362e0,2.206752e1,7.122276e1
1.967713e0,2.512574e1,1.006940e2
2.001064e0,2.878045e1,1.101299e2
2.034415e0,3.246774e1,9.100841e1
2.067766e0,3.484768e1,6.708158e1
2.101117e0,3.693984e1,5.241864e1
2.134468e0,3.834225e1,3.409223e1
2.167819e0,3.921266e1,2.072657e1
2.201170e0,3.972402e1,1.099811e1
2.234521e0,3.994587e1,5.260411e0
2.267872e0,4.007472e1,2.737784e0
2.301223e0,4.012838e1,2.526632e0
2.334574e0,4.024316e1,2.372031e0
2.367926e0,4.028652e1,1.005726e0
2.401277e0,4.031021e1,1.664929e-1
2.434628e0,4.029762e1,-4.522143e0
2.467979e0,4.000873e1,-7.970523e0
2.501330e0,3.976625e1,-4.012665e0
2.534681e0,3.974122e1,-6.520427e-1
2.568032e0,3.972278e1,-2.291691e-1
2.601383e0,3.972594e1,8.648362e-2
2.634734e0,3.972855e1,6.170310e-2
2.668085e0,3.973006e1,-4.046731e-3
2.701436e0,3.972828e1,-8.925123e-2
2.734787e0,3.972411e1,-4.092602e-3
2.768138e0,3.972800e1,6.475378e-2
2.801489e0,3.972842e1,3.848640e-2
2.834840e0,3.973057e1,4.614654e-2
2.868191e0,3.973150e1,5.017094e-2
2.901543e0,3.973392e1,6.722780e0
2.934894e0,4.017969e1,5.205834e1
2.968245e0,4.320447e1,9.678377e1
3.001596e0,4.663194e1,1.084412e2
3.034947e0,5.043388e1,9.992015e1
3.068298e0,5.329328e1,7.642630e1
3.101649e0,5.552897e1,6.065332e1
3.135000e0,5.733684e1,4.252817e1
3.168351e0,5.836418e1,2.353558e1
3.201702e0,5.890587e1,1.357717e1
3.235053e0,5.926933e1,6.413997e0
3.268404e0,5.933347e1,1.558250e0
3.301755e0,5.937321e1,2.659938e0
3.335106e0,5.951080e1,3.231886e0
3.368457e0,5.958867e1,1.835526e0
3.401809e0,5.963317e1,5.942295e-1
3.435160e0,5.962828e1,-2.002067e0
3.468511e0,5.949970e1,-7.991823e0
3.501862e0,5.909550e1,-7.634060e0
3.535213e0,5.899076e1,-1.158547e0
3.568564e0,5.901826e1,8.058302e-1
3.601915e0,5.904448e1,5.567956e-1
3.635266e0,5.905538e1,3.130908e-1
3.668617e0,5.906536e1,1.553938e-1
3.701968e0,5.906574e1,1.088193e-1
3.735319e0,5.907261e1,1.993857e-1
3.768670e0,5.907903e1,1.200513e-1
3.802021e0,5.908062e1,2.492853e-2
3.835372e0,5.908069e1,3.685923e-2
3.868723e0,5.908307e1,1.270226e-1
3.902074e0,5.908916e1,2.047374e-1
3.935426e0,5.909672e1,3.753888e1
3.968777e0,6.159175e1,8.539771e1
4.002128e0,6.478990e1,1.046221e2
4.035479e0,6.856656e1,1.075192e2
4.068830e0,7.195785e1,8.668531e1
4.102181e0,7.434558e1,6.459317e1
4.135532e0,7.626406e1,4.662267e1
4.168883e0,7.745376e1,3.098398e1
4.202234e0,7.832966e1,1.959827e1
4.235585e0,7.876031e1,9.211375e0
4.268936e0,7.894375e1,4.525640e0
4.302287e0,7.906202e1,3.092226e0
4.335638e0,7.914990e1,7.009310e-1
4.368989e0,7.910875e1,-6.782261e-1
4.402340e0,7.910468e1,-3.469072e-2
4.435691e0,7.910643e1,-6.299223e-1
4.469043e0,7.906269e1,-7.766022e0
4.502394e0,7.858870e1,-1.050282e1
4.535745e0,7.836250e1,-2.831532e0
4.569096e0,7.839993e1,7.993199e-1
4.602447e0,7.841579e1,5.521742e-1
4.635798e0,7.843674e1,4.736152e-1
4.669149e0,7.844736e1,3.216170e-1
4.702500e0,7.845872e1,1.687590e-1
4.735851e0,7.845889e1,-7.507533e-2
4.769202e0,7.845371e1,-7.049420e-2
4.802553e0,7.845419e1,-2.643836e-2
4.835904e0,7.845195e1,7.571704e-3
4.869255e0,7.845470e1,1.572167e-1
4.902606e0,7.846243e1,1.750410e-1
4.935957e0,7.846637e1,1.900983e1
4.969309e0,7.972975e1,6.421844e1
5.002660e0,8.274760e1,9.866071e1
5.036011e0,8.630713e1,1.112783e2
5.069362e0,9.016615e1,9.663764e1
5.102713e0,9.274964e1,7.014936e1
5.136064e0,9.484278e1,5.495937e1
5.169415e0,9.641360e1,3.681107e1
5.202766e0,9.729685e1,2.093721e1
5.236117e0,9.780942e1,1.180036e1
5.269468e0,9.808354e1,5.953112e0
5.302819e0,9.820629e1,3.475916e0
5.336170e0,9.831527e1,2.751004e0
5.369521e0,9.838969e1,1.074458e0
5.402872e0,9.838690e1,-7.578606e-2
5.436223e0,9.838464e1,-1.053349e-1
5.469574e0,9.837987e1,-5.646434e0
5.502926e0,9.800821e1,-1.185608e1
5.536277e0,9.758947e1,-8.410487e0
5.569628e0,9.744751e1,-2.278144e0
5.602979e0,9.743759e1,-3.596857e-1
5.636330e0,9.742353e1,-3.219132e-1
5.669681e0,9.741613e1,-4.026518e-1
5.703032e0,9.739669e1,-4.602554e-1
5.736383e0,9.738545e1,-3.726882e-1
5.769734e0,9.737184e1,-5.096518e-1
5.803085e0,9.735147e1,-7.136826e-1
5.836436e0,9.732426e1,-7.230018e-1
5.869787e0,9.730327e1,-4.902479e-1
5.903138e0,9.729158e1,-1.641356e0
5.936489e0,9.719385e1,2.922737e0
5.969840e0,9.748643e1,4.814471e1
6.003191e0,1.004035e2,9.260775e1
6.036543e0,1.036603e2,1.060627e2
6.069894e0,1.074743e2,1.042704e2
6.103245e0,1.106116e2,8.086444e1
6.136596e0,1.128653e2,6.109374e1
6.169947e0,1.146846e2,4.374304e1
6.203298e0,1.157815e2,2.710825e1
6.236649e0,1.164918e2,1.484187e1
6.270000e0,1.167710e2,6.573405e0
6.303351e0,1.169300e2,3.071424e0
6.336702e0,1.169757e2,5.105513e-2
6.370053e0,1.169334e2,-5.470124e-1
6.403404e0,1.169393e2,2.220586e-1
6.436755e0,1.169482e2,-3.144299e-1
6.470106e0,1.169183e2,-2.140383e0
6.503457e0,1.168055e2,-8.506560e0
6.536809e0,1.163512e2,-9.946797e0
6.570160e0,1.161424e2,-2.801918e0
6.603511e0,1.161644e2,8.782636e-1
6.636862e0,1.162009e2,7.345887e-1
6.670213e0,1.162134e2,2.775135e-1
6.703564e0,1.162194e2,-1.589064e-1
6.736915e0,1.162028e2,-4.875352e-1
6.770266e0,1.161869e2,-1.199730e0
6.803617e0,1.161228e2,-1.816433e0
6.836968e0,1.160658e2,-4.161176e0
6.870319e0,1.158454e2,-3.591305e0
6.903670e0,1.158264e2,-4.124036e-1
6.937021e0,1.158179e2,-1.794397e-1
6.970372e0,1.158145e2,3.234202e1
7.003723e0,1.179740e2,7.493547e1
7.037074e0,1.208102e2,9.538689e1
7.070426e0,1.243331e2,1.095828e2
7.103777e0,1.281157e2,9.177894e1
7.137128e0,1.304517e2,6.433933e1
7.170479e0,1.324050e2,4.988839e1
7.203830e0,1.337776e2,3.266319e1
7.237181e0,1.345825e2,2.024007e1
7.270532e0,1.351270e2,1.088991e1
7.303883e0,1.353085e2,4.033559e0
7.337234e0,1.353959e2,1.328975e0
7.370585e0,1.353971e2,3.354451e-1
7.403936e0,1.354182e2,3.665546e-1
7.437287e0,1.354215e2,9.004097e-2
7.470638e0,1.354242e2,-6.592330e-1
7.503989e0,1.353776e2,-7.408809e0
7.537340e0,1.349303e2,-1.232233e1
7.570691e0,1.345561e2,-5.123529e0
7.604043e0,1.345888e2,5.450602e-1
7.637394e0,1.345924e2,5.296204e-1
7.670745e0,1.346241e2,5.875989e-1
7.704096e0,1.346316e2,4.021867e-1
7.737447e0,1.346509e2,4.197256e-1
7.770798e0,1.346603e2,1.641651e-1
7.804149e0,1.346621e2,-1.812932e-1
7.837500e0,1.346482e2,-3.412260e-1
7.870851e0,1.346393e2,-2.346276e-1
7.904202e0,1.346326e2,1.317972e-1
7.937553e0,1.346481e2,4.840753e-1
7.970904e0,1.346648e2,1.555564e1
8.004255e0,1.356852e2,5.864033e1
8.037606e0,1.385742e2,9.484218e1
8.070957e0,1.420080e2,1.104655e2
8.104309e0,1.459386e2,9.906732e1
8.137660e0,1.486125e2,7.327211e1
8.171011e0,1.508234e2,5.825998e1
8.204362e0,1.524965e2,3.992892e1
8.237713e0,1.534853e2,2.394484e1
8.271064e0,1.540928e2,1.328506e1
8.304415e0,1.543710e2,7.326310e0
8.337766e0,1.545812e2,4.419044e0
8.371117e0,1.546656e2,1.270026e0
8.404468e0,1.546659e2,-4.579759e-2
8.437819e0,1.546625e2,-3.197156e-1
8.471170e0,1.546446e2,-4.348446e-1
8.504521e0,1.546335e2,-3.674852e0
8.537872e0,1.543996e2,-9.101065e0
8.571223e0,1.540268e2,-8.338715e0
8.604574e0,1.538437e2,-3.606266e0
8.637926e0,1.537864e2,-1.399139e0
8.671277e0,1.537504e2,-9.434537e-1
8.704628e0,1.537235e2,-1.172143e0
8.737979e0,1.536722e2,-1.309884e0
8.771330e0,1.536362e2,-1.187457e0
8.804681e0,1.535931e2,-6.386241e-1
8.838032e0,1.535936e2,5.116324e-2
8.871383e0,1.535965e2,-1.176425e0
8.904734e0,1.535152e2,-4.284700e0
8.938085e0,1.533108e2,-6.096416e0
8.971436e0,1.531087e2,-1.547061e0
9.004787e0,1.532077e2,4.285190e1
9.038138e0,1.559655e2,9.209306e1
9.071489e0,1.593472e2,1.075496e2
9.104840e0,1.631355e2,1.042849e2
9.138191e0,1.662996e2,8.348137e1
9.171543e0,1.687009e2,6.320415e1
9.204894e0,1.705132e2,4.509682e1
9.238245e0,1.717074e2,2.827636e1
9.271596e0,1.723983e2,1.780171e1
9.304947e0,1.728942e2,1.003329e1
9.338298e0,1.730672e2,4.628009e0
9.371649e0,1.732027e2,1.555225e0
9.405000e0,1.731708e2,-6.188756e-1
9.438351e0,1.731614e2,-2.585674e-1
9.471702e0,1.731536e2,-2.713693e-1
9.505053e0,1.731433e2,-1.732050e0
9.538404e0,1.730381e2,-1.029086e1
9.571755e0,1.724573e2,-1.462143e1
9.605106e0,1.720634e2,-8.467878e0
9.638457e0,1.718928e2,-5.454210e0
9.671809e0,1.716998e2,-3.342227e0
9.705160e0,1.716699e2,-8.133364e-1
9.738511e0,1.716455e2,-5.250241e-1
9.771862e0,1.716349e2,-6.752299e-1
9.805213e0,1.716005e2,-9.946869e-1
9.838564e0,1.715686e2,-8.360369e-1
9.871915e0,1.715448e2,-8.436901e-1
9.905266e0,1.715124e2,-1.130676e0
9.938617e0,1.714694e2,-1.322514e0
9.971968e0,1.714242e2,-1.816052e0
1.000532e1,1.713483e2,2.961236e1
1.003867e1,1.733984e2,7.781184e1
1.007202e1,1.765358e2,1.017905e2
1.010537e1,1.801844e2,1.097113e2
1.013872e1,1.838499e2,9.348755e1
1.017207e1,1.864169e2,6.877826e1
1.020543e1,1.884351e2,5.298499e1
1.023878e1,1.899492e2,3.538296e1
1.027213e1,1.907940e2,2.016290e1
1.030548e1,1.912934e2,1.209706e1
1.033883e1,1.916004e2,6.016228e0
1.037218e1,1.916945e2,3.327264e0
1.040553e1,1.918223e2,2.918583e0
1.043888e1,1.918891e2,1.165181e0
1.047223e1,1.918999e2,2.902898e-1
1.050559e1,1.919084e2,9.397033e-2
1.053894e1,1.919062e2,-7.053403e0
1.057229e1,1.914382e2,-1.524770e1
1.060564e1,1.908897e2,-1.299363e1
1.063899e1,1.905720e2,-6.772065e0
1.067234e1,1.904382e2,-2.001288e0
1.070569e1,1.904386e2,-1.554719e-3
1.073904e1,1.904381e2,-5.023261e-2
1.077239e1,1.904352e2,1.174190e-4
1.080574e1,1.904381e2,8.393884e-2
1.083910e1,1.904408e2,-3.128038e-1
1.087245e1,1.904167e2,-6.218586e-1
1.090580e1,1.903983e2,-5.111626e-1
1.093915e1,1.903827e2,-4.027665e-1
1.097250e1,1.903715e2,4.160267e-2
1.100585e1,1.903854e2,1.015021e1
1.103920e1,1.910481e2,5.572677e1
1.107255e1,1.941006e2,9.857048e1
1.110590e1,1.976195e2,1.121532e2
1.113926e1,2.015774e2,1.023652e2
1.117261e1,2.044438e2,7.635401e1
1.120596e1,2.066677e2,5.864760e1
1.123931e1,2.083537e2,4.079867e1
1.127266e1,2.093876e2,2.439648e1
1.130601e1,2.099801e2,1.320473e1
1.133936e1,2.102679e2,7.748477e0
1.137271e1,2.104967e2,3.594009e0
1.140606e1,2.105075e2,1.131874e-1
1.143941e1,2.105042e2,-3.172334e-2
1.147277e1,2.105054e2,1.694596e-2
1.150612e1,2.105054e2,-5.264196e-1
1.153947e1,2.104703e2,-4.327553e0
1.157282e1,2.102169e2,-1.206491e1
1.160617e1,2.096660e2,-1.265915e1
1.163952e1,2.093729e2,-6.125570e0
1.167287e1,2.092576e2,-1.553017e0
1.170622e1,2.092694e2,2.497569e-1
1.173957e1,2.092743e2,2.572560e-1
1.177293e1,2.092865e2,3.647712e-1
1.180628e1,2.092986e2,4.182764e-2
1.183963e1,2.092893e2,-2.358697e-1
1.187298e1,2.092829e2,-2.049915e-4
1.190633e1,2.092893e2,2.531824e-1
1.193968e1,2.092997e2,2.061386e-1
1.197303e1,2.093030e2,1.941742e-1
1.200638e1,2.093127e2,1.085012e0
1.203973e1,2.093754e2,4.218688e1
1.207309e1,2.121251e2,9.107540e1
1.210644e1,2.154471e2,1.081670e2
1.213979e1,2.193363e2,1.081423e2
1.217314e1,2.226566e2,8.549129e1
1.220649e1,2.250357e2,6.400512e1
1.223984e1,2.269236e2,4.668040e1
1.227319e1,2.281477e2,3.031279e1
1.230654e1,2.289444e2,1.661925e1
1.233989e1,2.292557e2,7.795899e0
1.237324e1,2.294641e2,4.530543e0
1.240660e1,2.295577e2,3.795183e0
1.243995e1,2.297172e2,2.944198e0
1.247330e1,2.297540e2,9.525382e-1
1.250665e1,2.297807e2,7.531260e-1
1.254000e1,2.298042e2,-8.258896e-1
1.257335e1,2.297256e2,-9.368438e0
1.260670e1,2.291796e2,-1.318000e1
1.264005e1,2.288469e2,-5.178106e0
1.267340e1,2.288344e2,-2.615682e-1
1.270676e1,2.288295e2,-2.716220e-1
1.274011e1,2.288163e2,-3.316138e-1
1.277346e1,2.288074e2,-2.700360e-1
1.280681e1,2.287983e2,-2.016298e-1
1.284016e1,2.287939e2,-3.109229e-2
1.287351e1,2.287962e2,-1.590821e-2
1.290686e1,2.287929e2,-6.553147e-2
1.294021e1,2.287919e2,-9.669942e-4
1.297356e1,2.287928e2,3.291178e-2
1.300691e1,2.287941e2,-1.013736e-2
1.304027e1,2.287921e2,2.436595e1
1.307362e1,2.304185e2,6.937043e1
1.310697e1,2.334168e2,1.033423e2
1.314032e1,2.373080e2,1.164184e2
1.317367e1,2.411781e2,9.905715e1
1.320702e1,2.439118e2,7.176720e1
1.324037e1,2.459626e2,5.455641e1
1.327372e1,2.475489e2,3.824303e1
1.330707e1,2.485121e2,2.265999e1
1.334043e1,2.490595e2,1.327156e1
1.337378e1,2.493969e2,6.984285e0
1.340713e1,2.495251e2,3.076955e0
1.344048e1,2.496020e2,1.997603e0
1.347383e1,2.496583e2,1.299786e0
1.350718e1,2.496886e2,2.635652e-1
1.354053e1,2.496759e2,-4.738435e-1
1.357388e1,2.496571e2,-5.505415e0
1.360723e1,2.493089e2,-1.422984e1
1.364059e1,2.487084e2,-9.801905e0
1.367394e1,2.486554e2,-9.712701e-1
1.370729e1,2.486436e2,-4.269533e-1
1.374064e1,2.486269e2,-3.970346e-1
1.377399e1,2.486172e2,-3.220007e-1
1.380734e1,2.486055e2,-3.182976e-1
1.384069e1,2.485960e2,-1.829882e-1
1.387404e1,2.485933e2,-1.487689e-1
1.390739e1,2.485860e2,-1.829595e-2
1.394074e1,2.485920e2,9.476322e-2
1.397410e1,2.485925e2,2.147261e-2
1.400745e1,2.485935e2,1.432951e-1
1.404080e1,2.486021e2,7.599750e0
1.407415e1,2.491002e2,5.449315e1
1.410750e1,2.522349e2,9.934747e1
1.414085e1,2.557233e2,1.123130e2
1.417420e1,2.597225e2,1.056572e2
1.420755e1,2.627671e2,8.067286e1
1.424090e1,2.651007e2,6.272086e1
1.427426e1,2.669485e2,4.434316e1
1.430761e1,2.680569e2,2.761893e1
1.434096e1,2.687898e2,1.646931e1
1.437431e1,2.691548e2,7.697496e0
1.440766e1,2.693030e2,3.942242e0
1.444101e1,2.694176e2,2.616929e0
1.447436e1,2.694774e2,1.468675e0
1.450771e1,2.695156e2,5.159877e-1
1.454106e1,2.695118e2,-7.757771e-2
1.457441e1,2.695104e2,-2.447417e0
1.460777e1,2.693487e2,-1.256649e1
1.464112e1,2.686726e2,-1.657579e1
1.467447e1,2.682436e2,-8.147551e0
1.470782e1,2.681295e2,-2.179009e0
1.474117e1,2.680983e2,-7.824063e-1
1.477452e1,2.680773e2,-5.887252e-1
1.480787e1,2.680591e2,-4.473146e-1
1.484122e1,2.680475e2,-2.164762e-1
1.487457e1,2.680447e2,1.072288e-2
1.490793e1,2.680482e2,-5.754185e-1
1.494128e1,2.680063e2,-1.118085e0
1.497463e1,2.679736e2,-1.317609e0
1.500798e1,2.679185e2,-3.465087e0
1.504133e1,2.677426e2,-4.169429e0
1.507468e1,2.676405e2,3.382477e1
1.510803e1,2.699976e2,8.717408e1
1.514138e1,2.734521e2,1.121766e2
1.517473e1,2.774761e2,1.111624e2
1.520809e1,2.808629e2,9.000331e1
1.524144e1,2.834763e2,7.044082e1
1.527479e1,2.855590e2,5.174109e1
1.530814e1,2.869257e2,3.320764e1
1.534149e1,2.877728e2,2.079041e1
1.537484e1,2.883117e2,1.057503e1
1.540819e1,2.884778e2,4.503746e0
1.544154e1,2.886120e2,2.014126e0
1.547489e1,2.886121e2,-2.350241e-1
1.550824e1,2.885963e2,-5.615243e-1
1.554160e1,2.885747e2,-5.931433e-1
1.557495e1,2.885568e2,-1.126274e0
1.560830e1,2.884996e2,-9.966685e0
1.564165e1,2.878923e2,-1.546266e1
1.567500e1,2.874687e2,-6.573868e0
1.570835e1,2.874541e2,-2.504172e-1
1.574170e1,2.874520e2,-5.082569e-2
1.577505e1,2.874507e2,1.157510e-2
1.580840e1,2.874528e2,-1.685104e-3
1.584176e1,2.874506e2,-3.979998e-2
1.587511e1,2.874502e2,5.930984e-3
1.590846e1,2.874509e2,2.398257e-2
1.594181e1,2.874518e2,-4.340378e-3
1.597516e1,2.874507e2,-1.951843e-2
1.600851e1,2.874505e2,-3.328134e-2
1.604186e1,2.874484e2,-3.140247e-2
1.607521e1,2.874484e2,1.845449e1
1.610856e1,2.886787e2,6.747944e1
1.614191e1,2.919470e2,1.097041e2
1.617527e1,2.959923e2,1.195429e2
1.620862e1,2.999165e2,1.016682e2
1.624197e1,3.027702e2,7.695067e1
1.627532e1,3.050466e2,5.958174e1
1.630867e1,3.067423e2,4.047276e1
1.634202e1,3.077448e2,2.446440e1
1.637537e1,3.083733e2,1.282752e1
1.640872e1,3.085999e2,6.736027e0
1.644207e1,3.088224e2,3.766090e0
1.647543e1,3.088510e2,7.264865e-1
1.650878e1,3.088708e2,3.203486e-1
1.654213e1,3.088724e2,-1.055545e-2
1.657548e1,3.088701e2,-3.693346e-1
1.660883e1,3.088477e2,-4.588318e0
1.664218e1,3.085642e2,-1.410381e1
1.667553e1,3.079075e2,-1.403900e1
1.670888e1,3.076283e2,-3.685650e0
1.674223e1,3.076618e2,9.571699e-1
1.677559e1,3.076921e2,7.575771e-1
1.680894e1,3.077123e2,5.071397e-1
1.684229e1,3.077259e2,2.631387e-2
1.687564e1,3.077140e2,-2.914305e-1
1.690899e1,3.077065e2,-1.585771e0
1.694234e1,3.076083e2,-1.305088e0
1.697569e1,3.076195e2,5.010183e-1
1.700904e1,3.076417e2,5.873202e-1
1.704239e1,3.076586e2,7.220031e-1
1.707574e1,3.076910e2,2.829289e0
1.710910e1,3.078520e2,4.831958e1
1.714245e1,3.109123e2,1.003814e2
1.717580e1,3.145440e2,1.151953e2
1.720915e1,3.185920e2,1.079294e2
1.724250e1,3.217393e2,8.601020e1
1.727585e1,3.243261e2,6.810329e1
1.730920e1,3.262796e2,4.636016e1
1.734255e1,3.274167e2,3.049125e1
1.737590e1,3.283123e2,1.758825e1
1.740926e1,3.285893e2,6.997381e0
1.744261e1,3.287788e2,3.765609e0
1.747596e1,3.288403e2,2.112779e0
1.750931e1,3.289197e2,2.222175e0
1.754266e1,3.289885e2,1.843585e0
1.757601e1,3.290426e2,1.039522e0
1.760936e1,3.290578e2,-1.117757e0
1.764271e1,3.289680e2,-1.108799e1
1.767606e1,3.283186e2,-1.429262e1
1.770941e1,3.280152e2,-4.139954e0
1.774277e1,3.280426e2,5.503618e-1
1.777612e1,3.280519e2,4.248711e-1
1.780947e1,3.280709e2,4.183964e-1
1.784282e1,3.280798e2,1.873857e-1
1.787617e1,3.280834e2,5.980319e-2
1.790952e1,3.280838e2,1.014804e-1
1.794287e1,3.280902e2,1.472644e-1
1.797622e1,3.280936e2,8.508956e-2
1.800957e1,3.280958e2,1.888469e-1
1.804293e1,3.281062e2,9.918445e-2
1.807628e1,3.281024e2,-5.424296e-2
1.810963e1,3.281026e2,3.722199e1
1.814298e1,3.305839e2,8.770338e1
1.817633e1,3.339495e2,1.096578e2
1.820968e1,3.378944e2,1.154273e2
1.824303e1,3.416446e2,9.726232e1
1.827638e1,3.443786e2,7.357592e1
1.830973e1,3.465497e2,5.645842e1
1.834309e1,3.481425e2,3.550511e1
1.837644e1,3.489167e2,1.980366e1
1.840979e1,3.494627e2,1.086419e1
1.844314e1,3.496410e2,2.547291e0
1.847649e1,3.496325e2,1.800111e0
1.850984e1,3.497610e2,2.915755e0
1.854319e1,3.498269e2,1.747692e0
1.857654e1,3.498775e2,1.018975e0
1.860989e1,3.498949e2,3.560674e-1
1.864324e1,3.499012e2,-7.751977e0
1.867660e1,3.493781e2,-1.409029e1
1.870995e1,3.489619e2,-6.460117e0
1.874330e1,3.489474e2,-1.788459e-1
1.877665e1,3.489499e2,-7.239149e-2
1.881000e1,3.489426e2,-7.124965e-3
1.884335e1,3.489495e2,8.872522e-2
1.887670e1,3.489485e2,4.974293e-2
1.891005e1,3.489528e2,5.484666e-2
1.894340e1,3.489521e2,-2.267050e-2
1.897676e1,3.489513e2,-1.478281e-1
1.901011e1,3.489423e2,-1.328850e-1
1.904346e1,3.489424e2,7.442548e-2
1.907681e1,3.489472e2,1.032364e-1
1.911016e1,3.489493e2,1.447264e1
1.914351e1,3.499121e2,6.325889e1
1.917686e1,3.531665e2,1.063570e2
1.921021e1,3.570025e2,1.180638e2
1.924356e1,3.610375e2,1.063383e2
1.927691e1,3.640918e2,8.166024e1
1.931027e1,3.664815e2,6.268464e1
1.934362e1,3.682707e2,4.312066e1
1.937697e1,3.693562e2,2.567682e1
1.941032e1,3.699825e2,1.325587e1
1.944367e1,3.702399e2,6.269777e0
1.947702e1,3.704005e2,2.678621e0
1.951037e1,3.704185e2,-1.160468e-1
1.954372e1,3.703928e2,-5.355615e-1
1.957707e1,3.703828e2,-1.660323e-1
1.961043e1,3.703817e2,8.243205e-2
1.964378e1,3.703883e2,-2.953868e0
1.967713e1,3.701848e2,-1.402023e1
1.971048e1,3.694536e2,-1.409853e1
1.974383e1,3.692449e2,-4.198575e0
1.977718e1,3.691737e2,-5.881000e-1
1.981053e1,3.692057e2,7.978967e-1
1.984388e1,3.692269e2,6.351186e-1
1.987723e1,3.692480e2,5.343594e-1
1.991059e1,3.692625e2,3.130074e-1
1.994394e1,3.692689e2,1.082868e-1
1.997729e1,3.692697e2,2.374519e-1
2.001064e1,3.692847e2,4.780505e-1
2.004399e1,3.693016e2,1.486946e-1
2.007734e1,3.692946e2,-4.634728e-2
2.011069e1,3.692985e2,9.207284e-2
2.014404e1,3.693008e2,4.439503e1
2.017739e1,3.723322e2,9.744871e1
2.021074e1,3.759598e2,1.170036e2
2.024410e1,3.801324e2,1.164537e2
2.027745e1,3.837233e2,9.275343e1
2.031080e1,3.863160e2,7.002319e1
2.034415e1,3.883915e2,5.231733e1
2.037750e1,3.898038e2,3.135842e1
2.041085e1,3.904821e2,1.750993e1
2.044420e1,3.909711e2,1.051858e1
2.047755e1,3.911833e2,3.832242e0
2.051090e1,3.912266e2,1.469129e0
2.054426e1,3.912813e2,1.508242e0
2.057761e1,3.913272e2,1.779400e-1
2.061096e1,3.912932e2,-6.864348e-1
2.064431e1,3.912814e2,-1.380022e0
2.067766e1,3.912011e2,-1.507768e1
2.071101e1,3.902762e2,-2.762241e1
2.074436e1,3.893597e2,-2.302007e1
2.077771e1,3.887415e2,-1.349196e1
2.081106e1,3.884602e2,-6.469080e0
2.084441e1,3.883103e2,-2.850761e0
2.087777e1,3.882701e2,-1.007434e0
2.091112e1,3.882431e2,-6.515359e-1
2.094447e1,3.882267e2,-4.243856e-1
2.097782e1,3.882148e2,-2.451693e-1
2.101117e1,3.882104e2,-7.275454e-2
2.104452e1,3.882100e2,-6.690491e-1
2.107787e1,3.881658e2,-1.274019e0
2.111122e1,3.881250e2,-2.161060e0
2.114457e1,3.880217e2,2.986708e1
2.117793e1,3.901162e2,7.908937e1
2.121128e1,3.932943e2,1.045914e2
2.124463e1,3.970889e2,1.152149e2
2.127798e1,4.009753e2,1.028602e2
2.131133e1,4.039463e2,8.070486e1
2.134468e1,4.063556e2,6.072687e1
2.137803e1,4.079947e2,3.973120e1
2.141138e1,4.090044e2,2.387639e1
2.144473e1,4.095865e2,1.216254e1
2.147809e1,4.098152e2,6.466323e0
2.151144e1,4.100176e2,6.242614e0
2.154479e1,4.102314e2,2.481621e0
2.157814e1,4.101830e2,-7.366460e-1
2.161149e1,4.101823e2,3.754054e-1
2.164484e1,4.102081e2,-8.407450e-2
2.167819e1,4.101767e2,-9.572804e0
2.171154e1,4.095699e2,-1.811110e1
2.174489e1,4.089693e2,-1.069083e1
2.177824e1,4.088572e2,-7.773150e-1
2.181160e1,4.089174e2,1.288933e0
2.184495e1,4.089431e2,9.445139e-1
2.187830e1,4.089804e2,8.800783e-1
2.191165e1,4.090018e2,6.304517e-1
2.194500e1,4.090224e2,4.879931e-1
2.197835e1,4.090343e2,3.226714e-1
2.201170e1,4.090440e2,3.145781e-1
2.204505e1,4.090553e2,1.522133e-1
2.207840e1,4.090541e2,1.039536e-1
2.211176e1,4.090622e2,1.703534e-1
2.214511e1,4.090655e2,1.105998e1
2.217846e1,4.097995e2,5.983291e1
2.221181e1,4.130543e2,1.022422e2
2.224516e1,4.166157e2,1.126844e2
2.227851e1,4.205666e2,1.107982e2
2.231186e1,4.240022e2,9.062108e1
2.234521e1,4.266080e2,6.694840e1
2.237856e1,4.284654e2,4.769991e1
2.241191e1,4.297880e2,3.016363e1
2.244527e1,4.304763e2,1.548969e1
2.247862e1,4.308207e2,8.650796e0
2.251197e1,4.310531e2,3.504672e0
2.254532e1,4.310543e2,2.822385e-1
2.257867e1,4.310719e2,-2.474621e-1
2.261202e1,4.310378e2,-7.254494e-1
2.264537e1,4.310235e2,-5.368777e-1
2.267872e1,4.310020e2,-2.982704e0
2.271207e1,4.308247e2,-1.381891e1
2.274543e1,4.300807e2,-1.458302e1
2.277878e1,4.298525e2,-3.178616e0
2.281213e1,4.298688e2,5.236309e-1
2.284548e1,4.298874e2,4.731465e-1
2.287883e1,4.299004e2,3.177804e-1
2.291218e1,4.299086e2,2.709699e-1
2.294553e1,4.299184e2,1.850355e-1
2.297888e1,4.299209e2,8.849410e-2
2.301223e1,4.299243e2,6.150477e-2
2.304559e1,4.299250e2,-5.968046e-3
2.307894e1,4.299240e2,6.311157e-2
2.311229e1,4.299292e2,9.312164e-2
2.314564e1,4.299302e2,7.842527e-1
2.317899e1,4.299815e2,4.677420e1
2.321234e1,4.330484e2,9.801050e1
2.324569e1,4.365155e2,1.115523e2
2.327904e1,4.406712e2,1.178017e2
2.331239e1,4.445653e2,1.023603e2
2.334574e1,4.474952e2,7.786889e1
2.337910e1,4.497566e2,5.736984e1
2.341245e1,4.513199e2,3.775199e1
2.344580e1,4.522734e2,2.175822e1
2.347915e1,4.527704e2,1.147088e1
2.351250e1,4.530381e2,6.426899e0
2.354585e1,4.531989e2,3.494732e0
2.357920e1,4.532711e2,1.492380e0
2.361255e1,4.532984e2,7.840336e-1
2.364590e1,4.533233e2,6.122275e-1
2.367926e1,4.533392e2,-9.777806e-1
2.371261e1,4.532582e2,-1.237740e1
2.374596e1,4.525140e2,-2.110227e1
2.377931e1,4.518513e2,-1.209577e1
2.381266e1,4.517076e2,-1.892141e0
2.384601e1,4.517252e2,3.660853e-1
2.387936e1,4.517320e2,-1.420580e-2
2.391271e1,4.517243e2,-1.479415e-2
2.394606e1,4.517310e2,1.161000e-1
2.397941e1,4.517320e2,1.278994e-1
2.401277e1,4.517396e2,8.231104e-2
2.404612e1,4.517375e2,5.124280e-2
2.407947e1,4.517430e2,4.073001e-2
2.411282e1,4.517402e2,-1.566317e-2
2.414617e1,4.517419e2,1.042278e-1
2.417952e1,4.517471e2,2.830672e1
2.421287e1,4.536291e2,8.105245e1
2.424622e1,4.571506e2,1.143286e2
2.427957e1,4.612510e2,1.289330e2
2.431293e1,4.657462e2,1.142867e2
2.434628e1,4.688701e2,8.437559e1
2.437963e1,4.713712e2,6.749758e1
2.441298e1,4.733699e2,4.642447e1
2.444633e1,4.744662e2,2.616557e1
2.447968e1,4.751143e2,1.348367e1
2.451303e1,4.753651e2,6.059033e0
2.454638e1,4.755182e2,3.315657e0
2.457973e1,4.755861e2,1.384185e0
2.461309e1,4.756105e2,8.962417e-1
2.464644e1,4.756459e2,7.186921e-2
2.467979e1,4.756153e2,-6.339900e-1
2.471314e1,4.756036e2,-5.266607e0
2.474649e1,4.752642e2,-1.571532e1
2.477984e1,4.745559e2,-1.243995e1
2.481319e1,4.744349e2,-1.744648e0
2.484654e1,4.744396e2,-3.599657e-1
2.487989e1,4.744109e2,-5.939342e-1
2.491324e1,4.744000e2,-3.274376e-1
2.494660e1,4.743890e2,-1.789005e-1
2.497995e1,4.743881e2,2.230223e-2
2.501330e1,4.743905e2,1.810560e-1
2.504665e1,4.744002e2,6.200254e-1
2.508000e1,4.744318e2,0.000000e0
