t,x,vx
3.333333e-2,5.227221e-1,0.000000e0
6.666667e-2,5.189920e-1,-2.365784e-1
1.000000e-1,5.069502e-1,-2.230676e0
1.333333e-1,3.702802e-1,-4.526045e0
1.666667e-1,2.052138e-1,-8.752493e0
2.000000e-1,-2.132193e-1,-1.856879e1
2.333333e-1,-1.032705e0,-1.651603e1
2.666667e-1,-1.314288e0,-6.831122e0
3.000000e-1,-1.488113e0,-5.439474e0
3.333333e-1,-1.676920e0,3.960992e1
3.666667e-1,1.152548e0,9.246520e1
4.000000e-1,4.487427e0,1.066060e2
4.333333e-1,8.259615e0,1.029779e2
4.666667e-1,1.135262e1,6.892866e1
5.000000e-1,1.285486e1,5.639455e1
5.333333e-1,1.511226e1,5.227294e1
5.666667e-1,1.633972e1,2.225017e1
6.000000e-1,1.659560e1,7.503347e0
6.333333e-1,1.683994e1,3.840017e0
6.666667e-1,1.685160e1,1.888574e0
7.000000e-1,1.696585e1,1.998708e0
7.333333e-1,1.698485e1,-2.339029e-1
7.666667e-1,1.695026e1,-3.332335e-2
8.000000e-1,1.698263e1,4.652034e-1
8.333333e-1,1.698127e1,-3.391640e-1
8.666667e-1,1.696002e1,-5.033919e-1
9.000000e-1,1.694771e1,-5.286290e0
9.333333e-1,1.660760e1,-5.248160e0
9.666667e-1,1.659783e1,-4.331794e-1
1.000000e0,1.657872e1,-6.916511e-1
1.033333e0,1.655172e1,-4.036324e0
1.066667e0,1.630963e1,-3.116673e0
1.100000e0,1.634394e1,2.338467e-1
1.133333e0,1.632522e1,-5.713624e-1
1.166667e0,1.630585e1,-1.267025e0
1.200000e0,1.624075e1,-1.870088e0
1.233333e0,1.618118e1,-3.160824e0
1.266667e0,1.603003e1,-4.365475e0
1.300000e0,1.589015e1,-5.144062e0
1.333333e0,1.568709e1,5.882440e0
1.366667e0,1.628231e1,6.036820e1
1.400000e0,1.971164e1,1.035675e2
1.433333e0,2.318681e1,1.161159e2
1.466667e0,2.745270e1,9.870942e1
1.500000e0,2.976744e1,6.932937e1
1.533333e0,3.207466e1,5.662516e1
1.566667e0,3.354245e1,3.539298e1
1.600000e0,3.443419e1,2.074791e1
1.633333e0,3.492565e1,8.083270e0
1.666667e0,3.497307e1,6.046771e-1
1.700000e0,3.496596e1,-1.407133e0
1.733333e0,3.487926e1,-1.022083e0
1.766667e0,3.489782e1,3.921476e-1
1.800000e0,3.490541e1,-2.205136e-1
1.833333e0,3.488312e1,-3.224292e-1
1.866667e0,3.488391e1,-7.208777e-1
1.900000e0,3.483506e1,-9.387547e0
1.933333e0,3.425808e1,-1.124978e1
1.966667e0,3.408508e1,-4.103858e0
2.000000e0,3.398449e1,-1.930190e0
2.033333e0,3.395640e1,-1.689148e-1
2.066667e0,3.397322e1,-5.299854e-3
2.100000e0,3.395604e1,-8.850573e-1
2.133333e0,3.391422e1,-7.359525e-1
2.166667e0,3.390698e1,-8.689001e-1
2.200000e0,3.385629e1,-2.041751e0
2.233333e0,3.377086e1,-3.160041e0
2.266667e0,3.364562e1,-2.985734e0
2.300000e0,3.357181e1,-8.669233e-1
2.333333e0,3.358783e1,1.623694e0
2.366667e0,3.368006e1,4.342720e1
2.400000e0,3.648298e1,9.220646e1
2.433333e0,3.982716e1,1.081920e2
2.466667e0,4.369577e1,9.950310e1
2.500000e0,4.646070e1,7.406003e1
2.533333e0,4.863311e1,5.877115e1
2.566667e0,5.037877e1,4.195459e1
2.600000e0,5.143008e1,2.324362e1
2.633333e0,5.192835e1,1.190557e1
2.666667e0,5.222379e1,5.480796e0
2.700000e0,5.229373e1,1.766841e0
2.733333e0,5.234158e1,6.781027e-1
2.766667e0,5.233894e1,-7.480512e-1
2.800000e0,5.229171e1,-9.835602e-1
2.833333e0,5.227337e1,-1.234910e-1
2.866667e0,5.228347e1,-8.150906e-1
2.900000e0,5.221903e1,-4.725920e0
2.933333e0,5.196841e1,-1.216118e1
2.966667e0,5.140829e1,-1.366620e1
3.000000e0,5.105733e1,-1.275015e1
3.033333e0,5.055828e1,-1.325298e1
3.066667e0,5.017380e1,-1.545413e1
3.100000e0,4.952800e1,-2.552591e1
3.133333e0,4.847207e1,-3.069522e1
3.166667e0,4.748165e1,-3.044124e1
3.200000e0,4.644266e1,-2.920882e1
3.233333e0,4.553440e1,-2.792795e1
3.266667e0,4.458079e1,-2.787598e1
3.300000e0,4.367600e1,-2.580672e1
3.333333e0,4.286034e1,-2.146640e1
3.366667e0,4.224491e1,1.478725e1
3.400000e0,4.384616e1,1.076554e2
3.433333e0,4.942193e1,1.443228e2
3.466667e0,5.346768e1,1.009233e2
3.500000e0,5.615015e1,7.920507e1
3.533333e0,5.874802e1,6.608894e1
3.566667e0,6.055608e1,4.425992e1
3.600000e0,6.169868e1,2.643916e1
3.633333e0,6.231869e1,1.510667e1
3.666667e0,6.270579e1,7.929906e0
3.700000e0,6.284735e1,4.964772e0
3.733333e0,6.303678e1,3.022630e0
3.766667e0,6.304886e1,-2.215397e-1
3.800000e0,6.302201e1,-4.678072e-2
3.833333e0,6.304574e1,1.361612e-2
3.866667e0,6.302292e1,-4.035306e-1
3.900000e0,6.301884e1,-4.355339e0
3.933333e0,6.273256e1,-1.196795e1
3.966667e0,6.222097e1,-1.248806e1
4.000000e0,6.190002e1,-6.493170e0
4.033333e0,6.178810e1,-2.889244e0
4.066667e0,6.170741e1,-7.789199e-1
4.100000e0,6.173617e1,9.096448e-2
4.133333e0,6.171347e1,-1.422501e0
4.166667e0,6.164133e1,-4.334721e0
4.200000e0,6.142449e1,-7.074909e0
4.233333e0,6.116967e1,-5.036543e0
4.266667e0,6.108872e1,-7.956865e-1
4.300000e0,6.111663e1,-4.836389e-1
4.333333e0,6.105648e1,-2.387421e0
4.366667e0,6.095747e1,1.038811e1
4.400000e0,6.174902e1,5.659015e1
4.433333e0,6.473014e1,9.254078e1
4.466667e0,6.791840e1,1.015819e2
4.500000e0,7.150227e1,9.164625e1
4.533333e0,7.402815e1,7.360650e1
4.566667e0,7.640937e1,5.696403e1
4.600000e0,7.782576e1,3.497019e1
4.633333e0,7.874072e1,2.242227e1
4.666667e0,7.932057e1,1.098819e1
4.700000e0,7.947326e1,4.752988e0
4.733333e0,7.963744e1,3.357406e0
4.766667e0,7.969709e1,1.645345e0
4.800000e0,7.974713e1,7.985318e-1
4.833333e0,7.975033e1,3.557344e-1
4.866667e0,7.977085e1,7.859690e-2
4.900000e0,7.975557e1,-1.322658e0
4.933333e0,7.968267e1,-7.842879e0
4.966667e0,7.923271e1,-1.115240e1
5.000000e0,7.893917e1,-6.075065e0
5.033333e0,7.882770e1,-2.017881e0
5.066667e0,7.880465e1,-8.728661e-1
5.100000e0,7.876951e1,-3.264410e-1
5.133333e0,7.878289e1,-7.558492e-2
5.166667e0,7.876447e1,-1.413031e-1
5.200000e0,7.877347e1,1.054885e-1
5.233333e0,7.877151e1,-6.390863e-2
5.266667e0,7.876921e1,-2.938610e-1
5.300000e0,7.875191e1,-5.212199e-1
5.333333e0,7.873446e1,-2.089515e-1
5.366667e0,7.873798e1,5.215300e-1
5.400000e0,7.876923e1,3.721403e1
5.433333e0,8.121892e1,8.049264e1
5.466667e0,8.413540e1,9.690380e1
5.500000e0,8.767917e1,1.033248e2
5.533333e0,9.102372e1,8.343238e1
5.566667e0,9.324133e1,5.780188e1
5.600000e0,9.487718e1,4.292977e1
5.633333e0,9.610332e1,2.833063e1
5.666667e0,9.676589e1,1.481699e1
5.700000e0,9.709112e1,7.556012e0
5.733333e0,9.726962e1,4.072983e0
5.766667e0,9.736265e1,1.641637e0
5.800000e0,9.737906e1,6.018891e-1
5.833333e0,9.740277e1,2.405117e-1
5.866667e0,9.739510e1,6.687321e-2
5.900000e0,9.740723e1,-3.294632e-1
5.933333e0,9.737313e1,-8.406587e0
5.966667e0,9.684679e1,-1.056098e1
6.000000e0,9.666907e1,-5.049455e0
6.033333e0,9.651016e1,-2.816717e0
6.066667e0,9.648129e1,-4.448003e-1
6.100000e0,9.648051e1,-6.701041e-1
6.133333e0,9.643661e1,-4.380902e-1
6.166667e0,9.645130e1,-3.202403e-2
6.200000e0,9.643448e1,-1.319324e-1
6.233333e0,9.644251e1,-6.362022e-1
6.266667e0,9.639207e1,-6.549082e-1
6.300000e0,9.639885e1,6.774313e-2
6.333333e0,9.639658e1,-3.813728e-1
6.366667e0,9.637342e1,-2.316191e0
6.400000e0,9.624217e1,2.175208e1
6.433333e0,9.782356e1,6.418683e1
6.466667e0,1.005213e2,8.991878e1
6.500000e0,1.038181e2,9.933916e1
6.533333e0,1.071439e2,8.978515e1
6.566667e0,1.098038e2,6.752596e1
6.600000e0,1.116456e2,4.934896e1
6.633333e0,1.130938e2,3.365760e1
6.666667e0,1.138895e2,1.578833e1
6.700000e0,1.141463e2,7.633714e0
6.733333e0,1.143984e2,5.545483e0
6.766667e0,1.145160e2,2.537941e0
6.800000e0,1.145676e2,2.988022e0
6.833333e0,1.147152e2,2.297063e0
6.866667e0,1.147207e2,2.601499e-1
6.900000e0,1.147326e2,-5.426223e-3
6.933333e0,1.147204e2,-3.682417e0
6.966667e0,1.144871e2,-1.287490e1
7.000000e0,1.138620e2,-1.397631e1
7.033333e0,1.135553e2,-4.807417e0
7.066667e0,1.135415e2,-1.376509e0
7.100000e0,1.134635e2,-1.863603e0
7.133333e0,1.134173e2,-1.202465e0
7.166667e0,1.133834e2,-1.545234e0
7.200000e0,1.133143e2,-2.735749e0
7.233333e0,1.132010e2,-2.062274e0
7.266667e0,1.131768e2,-9.598659e-1
7.300000e0,1.131370e2,-2.995869e0
7.333333e0,1.129771e2,-4.310442e0
7.366667e0,1.128496e2,-2.198546e0
7.400000e0,1.128305e2,3.855851e0
7.433333e0,1.131067e2,4.263501e1
7.466667e0,1.156728e2,8.399962e1
7.500000e0,1.187067e2,9.980444e1
7.533333e0,1.223265e2,9.760839e1
7.566667e0,1.252139e2,7.383336e1
7.600000e0,1.272487e2,5.369613e1
7.633333e0,1.287936e2,3.736753e1
7.666667e0,1.297399e2,2.169130e1
7.700000e0,1.302397e2,1.226890e1
7.733333e0,1.305578e2,6.914151e0
7.766667e0,1.307007e2,3.802189e0
7.800000e0,1.308113e2,1.994284e0
7.833333e0,1.308336e2,3.114624e-1
7.866667e0,1.308320e2,1.014568e-1
7.900000e0,1.308404e2,3.407519e-1
7.933333e0,1.308547e2,-2.319003e-1
7.966667e0,1.308249e2,-4.966734e0
8.000000e0,1.305236e2,-1.506703e1
8.033333e0,1.298205e2,-1.670962e1
8.066667e0,1.294097e2,-9.983665e0
8.100000e0,1.291549e2,-5.775586e0
8.133333e0,1.290246e2,-1.996565e0
8.166667e0,1.290218e2,-3.291444e-1
8.200000e0,1.290027e2,-1.216482e-1
8.233333e0,1.290137e2,-2.174250e-1
8.266667e0,1.289882e2,-5.388059e-1
8.300000e0,1.289777e2,-6.373175e-1
8.333333e0,1.289457e2,-1.157861e0
8.366667e0,1.289005e2,-2.138499e0
8.400000e0,1.288031e2,-2.699721e0
8.433333e0,1.287206e2,3.018307e1
8.466667e0,1.308153e2,7.127206e1
8.500000e0,1.334720e2,9.022307e1
8.533333e0,1.368302e2,9.586306e1
8.566667e0,1.398629e2,7.935765e1
8.600000e0,1.421207e2,6.157035e1
8.633333e0,1.439676e2,4.647211e1
8.666667e0,1.452189e2,3.040498e1
8.700000e0,1.459946e2,1.749834e1
8.733333e0,1.463854e2,8.503148e0
8.766667e0,1.465615e2,4.262377e0
8.800000e0,1.466696e2,1.521673e0
8.833333e0,1.466629e2,3.460312e-1
8.866667e0,1.466926e2,4.437033e-1
8.900000e0,1.466925e2,8.706870e-1
8.933333e0,1.467507e2,-2.358280e-1
8.966667e0,1.466768e2,-6.160849e0
9.000000e0,1.463400e2,-1.392643e1
9.033333e0,1.457483e2,-1.271939e1
9.066667e0,1.454920e2,-5.308415e0
9.100000e0,1.453945e2,-1.308922e0
9.133333e0,1.454047e2,-5.373891e-1
9.166667e0,1.453586e2,-1.603460e-1
9.200000e0,1.453940e2,3.806771e-1
9.233333e0,1.453840e2,-2.009950e-1
9.266667e0,1.453806e2,3.538414e-1
9.300000e0,1.454076e2,5.569199e-1
9.333333e0,1.454178e2,1.824019e-1
9.366667e0,1.454198e2,1.603156e-1
9.400000e0,1.454285e2,2.927579e-1
9.433333e0,1.454393e2,9.868224e-1
9.466667e0,1.454942e2,4.987189e1
9.500000e0,1.487641e2,9.829383e1
9.533333e0,1.520472e2,9.628576e1
9.566667e0,1.551831e2,8.919525e1
9.600000e0,1.579935e2,7.147145e1
9.633333e0,1.599479e2,5.059913e1
9.666667e0,1.613668e2,3.448115e1
9.700000e0,1.622466e2,2.049570e1
9.733333e0,1.627332e2,1.208724e1
9.766667e0,1.630524e2,5.164923e0
9.800000e0,1.630775e2,1.062972e0
9.833333e0,1.631233e2,1.337580e0
9.866667e0,1.631667e2,1.031678e0
9.900000e0,1.631921e2,2.783502e-1
9.933333e0,1.631852e2,-1.568073e-1
9.966667e0,1.631816e2,-1.310801e0
1.000000e1,1.630978e2,-1.216186e1
1.003333e1,1.623708e2,-1.726357e1
1.006667e1,1.619469e2,-9.550106e0
1.010000e1,1.617342e2,-3.941706e0
1.013333e1,1.616842e2,-9.914736e-1
1.016667e1,1.616681e2,-5.177185e-1
1.020000e1,1.616496e2,-3.547022e-1
1.023333e1,1.616444e2,-1.499036e-1
1.026667e1,1.616397e2,-3.487033e-2
1.030000e1,1.616421e2,6.913976e-2
1.033333e1,1.616443e2,8.196602e-2
1.036667e1,1.616476e2,-5.695930e-2
1.040000e1,1.616405e2,-9.800815e-2
1.043333e1,1.616410e2,1.087456e0
1.046667e1,1.617130e2,4.093241e1
1.050000e1,1.643699e2,8.450832e1
1.053333e1,1.673469e2,9.891054e1
1.056667e1,1.709639e2,9.412513e1
1.060000e1,1.736219e2,7.439889e1
1.063333e1,1.759238e2,6.070185e1
1.066667e1,1.776686e2,4.114197e1
1.070000e1,1.786666e2,2.337478e1
1.073333e1,1.792270e2,1.342183e1
1.076667e1,1.795614e2,7.938997e0
1.080000e1,1.797562e2,3.963060e0
1.083333e1,1.798256e2,1.896076e0
1.086667e1,1.798826e2,1.117680e0
1.090000e1,1.799001e2,5.430917e-1
1.093333e1,1.799188e2,2.119975e-1
1.096667e1,1.799143e2,-2.059657e-1
1.100000e1,1.799051e2,-8.684828e0
1.103333e1,1.793353e2,-1.697065e1
1.106667e1,1.787737e2,-1.264982e1
1.110000e1,1.784919e2,-5.336210e0
1.113333e1,1.784180e2,-1.721864e0
1.116667e1,1.783771e2,-5.582363e-1
1.120000e1,1.783808e2,-1.605953e-1
1.123333e1,1.783664e2,-2.191571e-1
1.126667e1,1.783662e2,-2.672228e-1
1.130000e1,1.783486e2,-2.082951e-1
1.133333e1,1.783523e2,-6.496558e-1
1.136667e1,1.783053e2,-6.539684e-1
1.140000e1,1.783087e2,-7.327899e-1
1.143333e1,1.782565e2,-1.317523e0
1.146667e1,1.782208e2,2.509207e1
1.150000e1,1.799293e2,6.564516e1
1.153333e1,1.825972e2,9.022638e1
1.156667e1,1.859444e2,9.821378e1
1.160000e1,1.891448e2,8.330847e1
1.163333e1,1.914983e2,6.523058e1
1.166667e1,1.934935e2,4.904299e1
1.170000e1,1.947678e2,3.021582e1
1.173333e1,1.955079e2,1.795335e1
1.176667e1,1.959647e2,7.727561e0
1.180000e1,1.960230e2,3.172348e0
1.183333e1,1.961762e2,4.337721e0
1.186667e1,1.963122e2,2.199222e0
1.190000e1,1.963228e2,4.726631e-2
1.193333e1,1.963154e2,1.899404e-1
1.196667e1,1.963355e2,2.482040e-1
1.200000e1,1.963319e2,-4.349952e0
1.203333e1,1.960455e2,-1.314395e1
1.206667e1,1.954557e2,-1.428875e1
1.210000e1,1.950929e2,-7.292715e0
1.213333e1,1.949695e2,-1.077055e0
1.216667e1,1.950211e2,-3.167598e-2
1.220000e1,1.949674e2,-1.330350e0
1.223333e1,1.949324e2,-2.325877e0
1.226667e1,1.948123e2,-1.761237e0
1.230000e1,1.948150e2,-5.892422e-1
1.233333e1,1.947730e2,-2.339540e0
1.236667e1,1.946590e2,-3.793001e0
1.240000e1,1.945202e2,-2.595362e0
1.243333e1,1.944860e2,-3.556646e-1
1.246667e1,1.944964e2,7.484597e0
1.250000e1,1.949849e2,5.085876e1
1.253333e1,1.978870e2,9.889237e1
1.256667e1,2.015778e2,1.050583e2
1.260000e1,2.048909e2,8.822083e1
1.263333e1,2.074592e2,6.792625e1
1.266667e1,2.094193e2,5.310115e1
1.270000e1,2.109992e2,3.692105e1
1.273333e1,2.118807e2,2.130104e1
1.276667e1,2.124193e2,1.258263e1
1.280000e1,2.127196e2,5.924140e0
1.283333e1,2.128142e2,2.371915e0
1.286667e1,2.128777e2,9.263375e-1
1.290000e1,2.128760e2,1.429476e-2
1.293333e1,2.128787e2,-1.070208e-1
1.296667e1,2.128689e2,-7.232427e-1
1.300000e1,2.128304e2,-1.530019e0
1.303333e1,2.127669e2,-9.601977e0
1.306667e1,2.121903e2,-1.756902e1
1.310000e1,2.115956e2,-1.410455e1
1.313333e1,2.112500e2,-6.695608e0
1.316667e1,2.111492e2,-1.671750e0
1.320000e1,2.111386e2,-1.929560e0
1.323333e1,2.110206e2,-4.972434e0
1.326667e1,2.108071e2,-5.372721e0
1.330000e1,2.106624e2,-4.386594e0
1.333333e1,2.105146e2,-4.799912e0
1.336667e1,2.103424e2,-4.600110e0
1.340000e1,2.102079e2,-4.920843e0
1.343333e1,2.100144e2,-4.918344e0
1.346667e1,2.098801e2,-4.406432e0
1.350000e1,2.097206e2,3.312683e1
1.353333e1,2.120885e2,8.384296e1
1.356667e1,2.153101e2,9.880268e1
1.360000e1,2.186754e2,9.285276e1
1.363333e1,2.215003e2,7.721342e1
1.366667e1,2.238229e2,5.940910e1
1.370000e1,2.254609e2,4.032381e1
1.373333e1,2.265112e2,2.500057e1
1.376667e1,2.271276e2,1.573074e1
1.380000e1,2.275599e2,9.051252e0
1.383333e1,2.277310e2,3.668949e0
1.386667e1,2.278045e2,8.445398e-1
1.390000e1,2.277873e2,-4.968317e-1
1.393333e1,2.277714e2,-4.080671e-1
1.396667e1,2.277601e2,3.004338e-2
1.400000e1,2.277734e2,-9.519450e-2
1.403333e1,2.277538e2,-4.861678e0
1.406667e1,2.274493e2,-1.383283e1
1.410000e1,2.268316e2,-1.435692e1
1.413333e1,2.264921e2,-7.945751e0
1.416667e1,2.263019e2,-5.066674e0
1.420000e1,2.261544e2,-3.455404e0
1.423333e1,2.260715e2,-1.087062e0
1.426667e1,2.260819e2,3.520943e-2
1.430000e1,2.260739e2,-9.572106e-1
1.433333e1,2.260181e2,-4.011141e0
1.436667e1,2.258065e2,-5.786428e0
1.440000e1,2.256323e2,-3.691553e0
1.443333e1,2.255604e2,-1.346774e0
1.446667e1,2.255425e2,2.992991e-2
1.450000e1,2.255623e2,2.321778e1
1.453333e1,2.270904e2,5.938717e1
1.456667e1,2.295215e2,8.856574e1
1.460000e1,2.329948e2,1.003710e2
1.463333e1,2.362129e2,8.631548e1
1.466667e1,2.387491e2,6.713711e1
1.470000e1,2.406887e2,4.834467e1
1.473333e1,2.419721e2,3.266427e1
1.476667e1,2.428663e2,1.992257e1
1.480000e1,2.433003e2,8.528872e0
1.483333e1,2.434349e2,3.446023e0
1.486667e1,2.435300e2,2.954461e0
1.490000e1,2.436319e2,2.292661e0
1.493333e1,2.436828e2,4.821093e-2
1.496667e1,2.436351e2,-8.058182e-1
1.500000e1,2.436291e2,-1.969723e-1
1.503333e1,2.436220e2,-1.980143e0
1.506667e1,2.434971e2,-9.569328e0
1.510000e1,2.429840e2,-1.410811e1
1.513333e1,2.425566e2,-1.013870e1
1.516667e1,2.423081e2,-4.333394e0
1.520000e1,2.422677e2,-2.008291e-1
1.523333e1,2.422947e2,1.175770e-1
1.526667e1,2.422755e2,1.250769e-1
1.530000e1,2.423030e2,7.343879e-1
1.533333e1,2.423245e2,4.898150e-1
1.536667e1,2.423357e2,9.515630e-2
1.540000e1,2.423308e2,-6.930694e-1
1.543333e1,2.422895e2,-1.838342e0
1.546667e1,2.422083e2,-4.419142e0
1.550000e1,2.419949e2,-7.679712e-1
1.553333e1,2.421571e2,4.152855e1
1.556667e1,2.447634e2,9.084794e1
1.560000e1,2.482136e2,1.028495e2
1.563333e1,2.516201e2,8.805850e1
1.566667e1,2.540842e2,6.974695e1
1.570000e1,2.562699e2,5.662226e1
1.573333e1,2.578590e2,3.769453e1
1.576667e1,2.587829e2,2.163029e1
1.580000e1,2.593010e2,1.445487e1
1.583333e1,2.597465e2,7.000073e0
1.586667e1,2.597677e2,1.060711e0
1.590000e1,2.598172e2,1.021255e0
1.593333e1,2.598358e2,1.501452e-1
1.596667e1,2.598272e2,-3.661508e-1
1.600000e1,2.598113e2,-4.488809e-1
1.603333e1,2.597973e2,-1.551579e0
1.606667e1,2.597079e2,-8.351744e0
1.610000e1,2.592405e2,-1.444184e1
1.613333e1,2.587451e2,-1.400989e1
1.616667e1,2.583065e2,-1.063125e1
1.620000e1,2.580364e2,-7.074226e0
1.623333e1,2.578349e2,-3.327408e0
1.626667e1,2.578145e2,1.318870e-1
1.630000e1,2.578437e2,-2.642863e-1
1.633333e1,2.577969e2,-2.949322e0
1.636667e1,2.576471e2,-3.803609e0
1.640000e1,2.575433e2,-2.120918e0
1.643333e1,2.575057e2,-4.100129e-1
1.646667e1,2.575160e2,5.064659e-1
1.650000e1,2.575395e2,5.155801e-1
1.653333e1,2.575504e2,3.642463e1
1.656667e1,2.599678e2,7.941546e1
1.660000e1,2.628448e2,9.753464e1
1.663333e1,2.664701e2,9.762594e1
1.666667e1,2.693531e2,7.808356e1
1.670000e1,2.716756e2,6.054408e1
1.673333e1,2.733894e2,4.450478e1
1.676667e1,2.746426e2,2.881889e1
1.680000e1,2.753107e2,1.443031e1
1.683333e1,2.756047e2,7.782041e0
1.686667e1,2.758295e2,4.344871e0
1.690000e1,2.758943e2,1.607874e0
1.693333e1,2.759367e2,3.980357e-1
1.696667e1,2.759208e2,-3.170336e-1
1.700000e1,2.759155e2,-4.972815e-1
1.703333e1,2.758877e2,4.305235e-1
1.706667e1,2.759442e2,-4.573551e0
1.710000e1,2.755828e2,-1.520061e1
1.713333e1,2.749309e2,-1.457662e1
1.716667e1,2.746110e2,-6.318031e0
1.720000e1,2.745097e2,-1.640971e0
1.723333e1,2.745016e2,1.452548e-1
1.726667e1,2.745193e2,7.276218e-1
1.730000e1,2.745501e2,1.029730e0
1.733333e1,2.745880e2,5.721635e-1
1.736667e1,2.745883e2,-1.380144e-1
1.740000e1,2.745788e2,-4.331903e-2
1.743333e1,2.745854e2,2.771167e-1
1.746667e1,2.745973e2,-4.089870e-2
1.750000e1,2.745827e2,-4.476657e-1
1.753333e1,2.745674e2,1.696922e1
1.756667e1,2.757139e2,5.753242e1
1.760000e1,2.784029e2,9.013359e1
1.763333e1,2.817228e2,9.663379e1
1.766667e1,2.848452e2,8.502672e1
1.770000e1,2.873913e2,6.809322e1
1.773333e1,2.893847e2,5.136870e1
1.776667e1,2.908159e2,3.395230e1
1.780000e1,2.916482e2,2.022059e1
1.783333e1,2.921639e2,1.287055e1
1.786667e1,2.925062e2,6.096537e0
1.790000e1,2.925703e2,1.826231e0
1.793333e1,2.926280e2,1.528849e0
1.796667e1,2.926723e2,4.520228e-2
1.800000e1,2.926310e2,-1.224949e-1
1.803333e1,2.926641e2,2.678552e-2
1.806667e1,2.926328e2,-1.888294e0
1.810000e1,2.925382e2,-7.366697e0
1.813333e1,2.921417e2,-1.011021e1
1.816667e1,2.918642e2,-6.719758e0
1.820000e1,2.916937e2,-3.538059e0
1.823333e1,2.916283e2,-1.767158e0
1.826667e1,2.915759e2,-1.723675e-1
1.830000e1,2.916168e2,4.259997e-2
1.833333e1,2.915787e2,-2.822293e-1
1.836667e1,2.915980e2,3.886987e-1
1.840000e1,2.916046e2,1.412431e-1
1.843333e1,2.916074e2,1.650909e-1
1.846667e1,2.916156e2,-1.043356e-2
1.850000e1,2.916067e2,1.428343e-4
1.853333e1,2.916157e2,1.165615e0
1.856667e1,2.916845e2,4.100044e1
1.860000e1,2.943490e2,8.348993e1
1.863333e1,2.972504e2,9.264917e1
1.866667e1,3.005256e2,8.975986e1
1.870000e1,3.032344e2,7.625218e1
1.873333e1,3.056091e2,6.082176e1
1.876667e1,3.072892e2,4.069198e1
1.880000e1,3.083219e2,2.579560e1
1.883333e1,3.090089e2,1.536074e1
1.886667e1,3.093460e2,7.608505e0
1.890000e1,3.095162e2,3.923995e0
1.893333e1,3.096076e2,2.206348e0
1.896667e1,3.096633e2,8.516412e-1
1.900000e1,3.096643e2,-1.316598e-1
1.903333e1,3.096545e2,-3.429248e-1
1.906667e1,3.096415e2,-6.238094e-1
1.910000e1,3.096129e2,-5.594748e0
1.913333e1,3.092685e2,-1.308675e1
1.916667e1,3.087404e2,-1.249955e1
1.920000e1,3.084352e2,-5.037210e0
1.923333e1,3.084046e2,-4.470254e-1
1.926667e1,3.084054e2,-5.542167e-1
1.930000e1,3.083677e2,-6.718005e-1
1.933333e1,3.083606e2,-1.954414e-1
1.936667e1,3.083546e2,-2.485284e-3
1.940000e1,3.083604e2,1.464565e-1
1.943333e1,3.083644e2,1.257698e-1
1.946667e1,3.083688e2,1.051062e-1
1.950000e1,3.083714e2,3.402090e-2
1.953333e1,3.083711e2,6.692827e-2
1.956667e1,3.083759e2,2.262013e1
1.960000e1,3.098791e2,6.289631e1
1.963333e1,3.125690e2,9.051609e1
1.966667e1,3.159135e2,9.762147e1
1.970000e1,3.190771e2,8.481277e1
1.973333e1,3.215677e2,6.523996e1
1.976667e1,3.234264e2,4.818927e1
1.980000e1,3.247803e2,3.394068e1
1.983333e1,3.256891e2,2.027229e1
1.986667e1,3.261318e2,8.815738e0
1.990000e1,3.262768e2,3.507829e0
1.993333e1,3.263656e2,1.848455e0
1.996667e1,3.264001e2,7.690177e-1
2.000000e1,3.264169e2,1.354351e0
2.003333e1,3.264903e2,3.051585e-1
2.006667e1,3.264373e2,-1.233534e0
2.010000e1,3.264081e2,-2.376708e0
2.013333e1,3.262788e2,-9.267397e0
2.016667e1,3.257903e2,-9.581101e0
2.020000e1,3.256401e2,-2.443725e0
2.023333e1,3.256274e2,-1.938518e-1
2.026667e1,3.256271e2,-9.044601e-3
2.030000e1,3.256268e2,1.360846e-1
2.033333e1,3.256362e2,6.540437e-1
2.036667e1,3.256704e2,4.447011e-1
2.040000e1,3.256659e2,5.812231e-2
2.043333e1,3.256742e2,6.405196e-2
2.046667e1,3.256701e2,3.286032e-1
2.050000e1,3.256961e2,4.002689e-1
2.053333e1,3.256968e2,9.909249e-2
2.056667e1,3.257028e2,2.166857e0
2.060000e1,3.258413e2,4.822380e1
2.063333e1,3.289177e2,9.225661e1
2.066667e1,3.319917e2,9.567038e1
2.070000e1,3.352957e2,8.978831e1
2.073333e1,3.379776e2,7.362177e1
2.076667e1,3.402038e2,5.755309e1
2.080000e1,3.418145e2,3.909685e1
2.083333e1,3.428103e2,2.441289e1
2.086667e1,3.434420e2,1.348200e1
2.090000e1,3.437091e2,4.983479e0
2.093333e1,3.437742e2,2.365303e0
2.096667e1,3.438668e2,2.880741e0
2.100000e1,3.439663e2,2.061722e0
2.103333e1,3.440042e2,7.946875e-1
2.106667e1,3.440193e2,6.208149e-2
2.110000e1,3.440083e2,-1.720864e0
2.113333e1,3.439045e2,-6.028137e0
2.116667e1,3.436065e2,-1.169226e1
2.120000e1,3.431250e2,-1.079703e1
2.123333e1,3.428867e2,-5.417000e0
2.126667e1,3.427639e2,-1.673618e0
2.130000e1,3.427751e2,3.279508e-1
2.133333e1,3.427858e2,1.293363e-1
2.136667e1,3.427837e2,3.156254e-2
2.140000e1,3.427879e2,3.482079e-2
2.143333e1,3.427860e2,-2.854520e-2
2.146667e1,3.427860e2,-2.144281e-1
2.150000e1,3.427717e2,-5.233391e-2
2.153333e1,3.427825e2,2.074857e-1
2.156667e1,3.427856e2,4.077157e-1
2.160000e1,3.428097e2,3.787713e1
2.163333e1,3.453107e2,7.809998e1
2.166667e1,3.480163e2,8.665027e1
2.170000e1,3.510874e2,9.562337e1
2.173333e1,3.543912e2,8.520027e1
2.176667e1,3.567674e2,6.290193e1
2.180000e1,3.585847e2,4.571992e1
2.183333e1,3.598154e2,3.006551e1
2.186667e1,3.605891e2,1.613065e1
2.190000e1,3.608908e2,4.974989e0
2.193333e1,3.609207e2,5.124671e0
2.196667e1,3.612324e2,6.439896e0
2.200000e1,3.613501e2,1.892475e0
2.203333e1,3.613586e2,3.796357e-1
2.206667e1,3.613754e2,3.320235e-1
2.210000e1,3.613807e2,-9.581004e-2
2.213333e1,3.613690e2,-5.297268e0
2.216667e1,3.610276e2,-1.290258e1
2.220000e1,3.605088e2,-1.259940e1
2.223333e1,3.601876e2,-4.743902e0
2.226667e1,3.601925e2,-4.419412e-2
2.230000e1,3.601847e2,-3.860710e-1
2.233333e1,3.601668e2,-2.573190e-1
2.236667e1,3.601675e2,-2.633340e-1
2.240000e1,3.601492e2,-6.303764e-1
2.243333e1,3.601255e2,-3.309757e-1
2.246667e1,3.601272e2,3.160840e-2
2.250000e1,3.601276e2,-5.233306e-2
2.253333e1,3.601237e2,-8.421566e-1
2.256667e1,3.600715e2,-1.353292e0
2.260000e1,3.600335e2,1.948454e1
2.263333e1,3.613704e2,6.284806e1
2.266667e1,3.642233e2,9.610528e1
2.270000e1,3.677775e2,1.034876e2
2.273333e1,3.711225e2,8.966357e1
2.276667e1,3.737550e2,6.928217e1
2.280000e1,3.757413e2,5.102438e1
2.283333e1,3.771567e2,3.373618e1
2.286667e1,3.779904e2,2.226205e1
2.290000e1,3.786408e2,1.276934e1
2.293333e1,3.788417e2,4.699891e0
2.296667e1,3.789541e2,1.449887e0
2.300000e1,3.789384e2,2.363284e-1
2.303333e1,3.789699e2,1.243677e0
2.306667e1,3.790213e2,1.755151e-1
2.310000e1,3.789816e2,-5.425544e-1
2.313333e1,3.789851e2,-1.358108e0
2.316667e1,3.788910e2,-1.480879e1
2.320000e1,3.779978e2,-2.184089e1
2.323333e1,3.774350e2,-1.582958e1
2.326667e1,3.769425e2,-1.339472e1
2.330000e1,3.765420e2,-6.871831e0
2.333333e1,3.764844e2,-7.441652e-1
2.336667e1,3.764924e2,1.019659e0
2.340000e1,3.765524e2,8.001454e-1
2.343333e1,3.765457e2,2.846374e-2
2.346667e1,3.765543e2,-5.099667e-2
2.350000e1,3.765423e2,-5.683800e-2
2.353333e1,3.765505e2,1.196926e-1
2.356667e1,3.765503e2,-3.063583e-2
2.360000e1,3.765485e2,1.793082e0
2.363333e1,3.766698e2,4.600931e1
2.366667e1,3.796157e2,8.911988e1
2.370000e1,3.826112e2,9.634901e1
2.373333e1,3.860390e2,9.639951e1
2.376667e1,3.890378e2,7.586939e1
2.380000e1,3.910970e2,5.722345e1
2.383333e1,3.928527e2,4.391657e1
2.386667e1,3.940247e2,2.586875e1
2.390000e1,3.945773e2,1.429817e1
2.393333e1,3.949780e2,7.812028e0
2.396667e1,3.950981e2,4.492584e0
2.400000e1,3.952775e2,3.483781e0
2.403333e1,3.953303e2,3.331193e0
2.406667e1,3.954995e2,1.740219e0
2.410000e1,3.954463e2,-1.335660e-1
2.413333e1,3.954906e2,-5.820238e-2
2.416667e1,3.954425e2,-6.575816e0
2.420000e1,3.950522e2,-1.287963e1
2.423333e1,3.945838e2,-9.288529e0
2.426667e1,3.944330e2,-2.606937e0
2.430000e1,3.944100e2,-5.954335e-2
2.433333e1,3.944290e2,5.655067e-1
2.436667e1,3.944477e2,4.156206e-1
2.440000e1,3.944568e2,2.681177e-1
2.443333e1,3.944656e2,-6.761511e-2
2.446667e1,3.944522e2,-6.372386e-1
2.450000e1,3.944231e2,-9.329113e-1
2.453333e1,3.943900e2,-2.986586e0
2.456667e1,3.942240e2,-8.578119e0
2.460000e1,3.938182e2,-9.158305e0
2.463333e1,3.936135e2,3.037788e1
2.466667e1,3.958434e2,7.818721e1
2.470000e1,3.988259e2,9.383417e1
2.473333e1,4.020990e2,9.639884e1
2.476667e1,4.052525e2,8.403565e1
2.480000e1,4.077014e2,5.954925e1
2.483333e1,4.092225e2,4.943928e1
2.486667e1,4.109973e2,3.845300e1
2.490000e1,4.117860e2,2.036442e1
2.493333e1,4.123549e2,9.735298e0
2.496667e1,4.124350e2,1.404589e0
2.500000e1,4.124486e2,1.039460e0
2.503333e1,4.125043e2,2.834666e0
2.506667e1,4.126376e2,4.937219e0
2.510000e1,4.128335e2,2.858359e0
2.513333e1,4.128281e2,-6.356519e-1
2.516667e1,4.127911e2,-6.897108e0
2.520000e1,4.123683e2,-1.567993e1
2.523333e1,4.117458e2,-2.342458e1
2.526667e1,4.108067e2,-2.352440e1
2.530000e1,4.101775e2,-1.313295e1
2.533333e1,4.099311e2,-1.040242e1
2.536667e1,4.094840e2,-7.134104e0
2.540000e1,4.094555e2,9.876127e-2
2.543333e1,4.094906e2,4.187648e-1
2.546667e1,4.094834e2,-3.151961e-1
2.550000e1,4.094696e2,2.093652e-1
2.553333e1,4.094974e2,4.160770e-1
2.556667e1,4.094973e2,-1.755292e-1
2.560000e1,4.094857e2,-4.328135e-2
2.563333e1,4.094944e2,1.717375e1
2.566667e1,4.106306e2,6.014399e1
2.570000e1,4.135040e2,9.411440e1
2.573333e1,4.169049e2,1.038463e2
2.576667e1,4.204271e2,9.606055e1
2.580000e1,4.233089e2,7.635143e1
2.583333e1,4.255172e2,5.949376e1
2.586667e1,4.272752e2,4.189202e1
2.590000e1,4.283100e2,2.454726e1
2.593333e1,4.289117e2,1.438343e1
2.596667e1,4.292689e2,6.795322e0
2.600000e1,4.293647e2,2.156189e0
2.603333e1,4.294126e2,1.616539e0
2.606667e1,4.294725e2,2.148739e0
2.610000e1,4.295559e2,2.901771e0
2.613333e1,4.296659e2,2.350145e0
2.616667e1,4.297126e2,-7.660000e0
2.620000e1,4.291553e2,-1.584094e1
2.623333e1,4.286565e2,-1.557847e1
2.626667e1,4.281167e2,-1.500549e1
2.630000e1,4.276561e2,-7.500298e0
2.633333e1,4.276167e2,4.044921e-1
2.636667e1,4.276831e2,1.010012e0
2.640000e1,4.276840e2,2.529279e-2
2.643333e1,4.276848e2,-8.324704e-2
2.646667e1,4.276785e2,7.916958e-2
2.650000e1,4.276901e2,3.677309e-1
2.653333e1,4.277030e2,-2.503379e-1
2.656667e1,4.276734e2,-3.007861e-1
2.660000e1,4.276829e2,2.074511e-1
2.663333e1,4.276872e2,2.350454e0
2.666667e1,4.278396e2,4.314242e1
2.670000e1,4.305634e2,8.579184e1
2.673333e1,4.335591e2,9.525838e1
2.676667e1,4.369139e2,9.547563e1
2.680000e1,4.399241e2,8.036373e1
2.683333e1,4.422715e2,6.592220e1
2.686667e1,4.443189e2,4.939937e1
2.690000e1,4.455648e2,3.236057e1
2.693333e1,4.464763e2,2.196681e1
2.696667e1,4.470293e2,1.250483e1
2.700000e1,4.473100e2,4.410843e0
2.703333e1,4.473233e2,1.310416e0
2.706667e1,4.473973e2,2.593258e0
2.710000e1,4.474962e2,2.503210e0
2.713333e1,4.475642e2,2.352806e0
2.716667e1,4.476530e2,1.213881e0
2.720000e1,4.476451e2,-5.485808e0
2.723333e1,4.472873e2,-1.359110e1
2.726667e1,4.467390e2,-1.397574e1
2.730000e1,4.463556e2,-9.161116e0
2.733333e1,4.461283e2,-7.897884e0
2.736667e1,4.458291e2,-6.324660e0
2.740000e1,4.457067e2,-3.907165e0
2.743333e1,4.455686e2,-3.286478e0
2.746667e1,4.454876e2,-8.175920e0
2.750000e1,4.450235e2,-7.589978e0
2.753333e1,4.449816e2,-1.000071e0
2.756667e1,4.449569e2,-3.878053e-1
2.760000e1,4.449557e2,-4.980250e-2
2.763333e1,4.449536e2,-6.287672e-1
2.766667e1,4.449138e2,1.914572e1
2.770000e1,4.462299e2,5.593535e1
2.773333e1,4.486428e2,8.428841e1
2.776667e1,4.518492e2,9.800582e1
2.780000e1,4.551765e2,9.023732e1
2.783333e1,4.578650e2,7.473201e1
2.786667e1,4.601587e2,6.051714e1
2.790000e1,4.618995e2,4.314677e1
2.793333e1,4.630351e2,3.107756e1
2.796667e1,4.639713e2,2.066578e1
2.800000e1,4.644128e2,1.053713e1
2.803333e1,4.646738e2,4.947389e0
2.806667e1,4.647427e2,2.877603e0
2.810000e1,4.648656e2,2.728036e0
2.813333e1,4.649245e2,1.247413e0
2.816667e1,4.649488e2,7.814738e-1
2.820000e1,4.649766e2,-4.485841e0
2.823333e1,4.646497e2,-1.389866e1
2.826667e1,4.640501e2,-2.605942e1
2.830000e1,4.629124e2,-3.339897e1
2.833333e1,4.618235e2,-3.195360e1
2.836667e1,4.607822e2,-3.323812e1
2.840000e1,4.596076e2,-3.600479e1
2.843333e1,4.583819e2,-3.947213e1
2.846667e1,4.569761e2,-4.019728e1
2.850000e1,4.557020e2,-3.740334e1
2.853333e1,4.544826e2,-3.964945e1
2.856667e1,4.530587e2,-4.360267e1
2.860000e1,4.515757e2,-4.453904e1
2.863333e1,4.500895e2,-4.417441e1
2.866667e1,4.486307e2,-2.936786e1
2.870000e1,4.481316e2,2.703223e1
2.873333e1,4.504329e2,8.178725e1
2.876667e1,4.535841e2,1.012478e2
2.880000e1,4.571828e2,9.739060e1
2.883333e1,4.600768e2,7.757517e1
2.886667e1,4.623544e2,6.412018e1
2.890000e1,4.643515e2,5.229545e1
2.893333e1,4.658408e2,3.601243e1
2.896667e1,4.667523e2,2.042011e1
2.900000e1,4.672021e2,1.359719e1
2.903333e1,4.676588e2,7.258162e0
2.906667e1,4.676860e2,1.109691e0
2.910000e1,4.677328e2,6.704549e-1
2.913333e1,4.677307e2,4.053661e-1
2.916667e1,4.677598e2,1.285590e0
2.920000e1,4.678164e2,-1.713983e0
2.923333e1,4.676455e2,-1.141484e1
2.926667e1,4.670554e2,-2.124460e1
2.930000e1,4.662292e2,-2.505430e1
2.933333e1,4.653851e2,-2.786576e1
2.936667e1,4.643715e2,-3.260114e1
2.940000e1,4.632117e2,-3.618813e1
2.943333e1,4.619590e2,-4.134124e1
2.946667e1,4.604556e2,0.000000e0
