t,x,vx
0.000000e0,8.242873e-1,0.000000e0
3.335109e-2,3.111334e0,3.799445e1
6.670219e-2,3.357251e0,5.980921e0
1.000533e-1,3.510062e0,3.141851e0
1.334044e-1,3.566707e0,1.463077e0
1.667555e-1,3.607601e0,1.150663e0
2.001066e-1,3.643418e0,1.738112e-1
2.334577e-1,3.619188e0,-1.120407e1
2.668087e-1,2.896480e0,-3.970090e1
3.001598e-1,9.724618e-1,-5.479785e1
3.335109e-1,-7.567101e-1,-3.404044e1
3.668620e-1,-1.296901e0,-1.628535e1
4.002131e-1,-1.842400e0,-1.062245e1
4.335642e-1,-2.005064e0,-1.648685e1
4.669153e-1,-2.941523e0,-2.385696e1
5.002664e-1,-3.595528e0,-1.526662e1
5.336175e-1,-3.959298e0,-1.137518e1
5.669686e-1,-4.353874e0,-1.740217e1
6.003197e-1,-5.119442e0,-2.186474e1
6.336708e-1,-5.811523e0,-1.551325e1
6.670219e-1,-6.153659e0,-1.075639e1
7.003730e-1,-6.528616e0,-6.615966e0
7.337241e-1,-6.594723e0,4.244937e1
7.670752e-1,-3.698658e0,5.677117e1
8.004262e-1,-2.809978e0,2.178580e1
8.337773e-1,-2.246271e0,5.010853e1
8.671284e-1,5.305900e-1,9.753345e1
9.004795e-1,4.255959e0,9.595019e1
9.338306e-1,6.927269e0,5.143861e1
9.671817e-1,7.685199e0,9.308977e0
1.000533e0,7.547868e0,-5.860418e0
1.033884e0,7.294505e0,-3.007119e0
1.067235e0,7.347393e0,5.570033e0
1.100586e0,7.665840e0,7.546501e0
1.133937e0,7.850493e0,1.032600e0
1.167288e0,7.734680e0,-4.597500e0
1.200639e0,7.543993e0,-3.385645e0
1.233990e0,7.508971e0,-5.369914e0
1.267342e0,7.185999e0,-2.577143e1
1.300693e0,5.790875e0,-6.375017e1
1.334044e0,2.935987e0,-7.433570e1
1.367395e0,8.351614e-1,-3.576316e1
1.400746e0,5.517765e-1,-1.275114e1
1.434097e0,-1.491478e-2,-2.062986e1
1.467448e0,-8.235475e-1,-2.963882e1
1.500799e0,-1.990836e0,-3.577163e1
1.534150e0,-3.208323e0,-3.440528e1
1.567501e0,-4.341863e0,-3.048476e1
1.600852e0,-5.291448e0,-2.505760e1
1.634204e0,-6.012370e0,-2.383828e1
1.667555e0,-6.880667e0,-2.861753e1
1.700906e0,-7.920205e0,-3.288532e1
1.734257e0,-9.073021e0,1.653695e1
1.767608e0,-6.817742e0,1.087198e2
1.800959e0,-1.825034e0,9.912857e1
1.834310e0,-2.091703e-1,4.388482e1
1.867661e0,1.100620e0,8.100365e1
1.901012e0,5.191073e0,1.181229e2
1.934363e0,8.975480e0,8.469223e1
1.967715e0,1.083722e1,2.359614e1
2.001066e0,1.054856e1,-1.318045e1
2.034417e0,9.958525e0,-1.567862e1
2.067768e0,9.503315e0,-5.543760e0
2.101119e0,9.588941e0,1.019891e1
2.134470e0,1.018324e1,1.721567e1
2.167821e0,1.073665e1,1.002485e1
2.201172e0,1.085157e1,-3.629517e0
2.234523e0,1.049468e1,-1.430436e1
2.267874e0,9.897942e0,-2.383785e1
2.301225e0,8.905494e0,-4.369938e1
2.334577e0,6.984649e0,-6.749150e1
2.367928e0,4.406061e0,-5.935474e1
2.401279e0,3.027667e0,-2.900451e1
2.434630e0,2.472427e0,-2.059651e1
2.467981e0,1.654566e0,-2.627768e1
2.501332e0,7.205819e-1,-3.249445e1
2.534683e0,-5.117304e-1,-3.468936e1
2.568034e0,-1.592042e0,-3.022439e1
2.601385e0,-2.526690e0,-2.563029e1
2.634736e0,-3.300728e0,-1.890771e1
2.668087e0,-3.787204e0,-2.332694e1
2.701439e0,-4.855858e0,-3.219126e1
2.734790e0,-5.933288e0,-1.306155e1
2.768141e0,-5.726628e0,8.088431e1
2.801492e0,-5.410006e-1,1.183396e2
2.834843e0,2.162682e0,4.756227e1
2.868194e0,2.629817e0,4.857788e1
2.901545e0,5.401207e0,1.136654e2
2.934896e0,1.020751e1,1.148562e2
2.968247e0,1.305829e1,5.510551e1
3.001598e0,1.388121e1,6.030975e0
3.034950e0,1.346035e1,-1.977818e1
3.068301e0,1.256266e1,-2.571877e1
3.101652e0,1.174577e1,-1.099300e1
3.135003e0,1.182980e1,1.341225e1
3.168354e0,1.263992e1,1.952209e1
3.201705e0,1.313127e1,2.262529e0
3.235056e0,1.279075e1,-1.084064e1
3.268407e0,1.240856e1,-1.483928e1
3.301758e0,1.180147e1,-3.199718e1
3.335109e0,1.027542e1,-5.388559e1
3.368460e0,8.209093e0,-4.767132e1
3.401812e0,7.097328e0,-2.772623e1
3.435163e0,6.360677e0,-2.186171e1
3.468514e0,5.639881e0,-1.917146e1
3.501865e0,5.082580e0,-1.888101e1
3.535216e0,4.381147e0,-1.949212e1
3.568567e0,3.783105e0,-1.759605e1
3.601918e0,3.208077e0,-1.924055e1
3.635269e0,2.500402e0,-2.134697e1
3.668620e0,1.784946e0,-1.981974e1
3.701971e0,1.179086e0,-2.510009e1
3.735322e0,1.116067e-1,-4.102045e1
3.768674e0,-1.555611e0,1.432724e1
3.802025e0,1.066756e0,1.026484e2
3.835376e0,5.287618e0,8.392851e1
3.868727e0,6.661990e0,4.290971e1
3.902078e0,8.148266e0,7.359431e1
3.935429e0,1.156828e1,8.696140e1
3.968780e0,1.394569e1,5.656928e1
4.002131e0,1.533956e1,2.473702e1
4.035482e0,1.559483e1,2.453368e-1
4.068833e0,1.535592e1,-6.922715e0
4.102185e0,1.513331e1,-1.102761e0
4.135536e0,1.528240e1,5.018607e0
4.168887e0,1.546789e1,6.455962e0
4.202238e0,1.571280e1,3.611015e0
4.235589e0,1.570862e1,-1.441361e0
4.268940e0,1.561671e1,-7.839939e0
4.302291e0,1.518596e1,-2.466362e1
4.335642e0,1.397247e1,-5.289479e1
4.368993e0,1.165964e1,-6.459897e1
4.402344e0,9.665868e0,-4.257445e1
4.435695e0,8.821342e0,-2.660430e1
4.469047e0,7.892248e0,-3.071423e1
4.502398e0,6.773727e0,-3.118435e1
4.535749e0,5.813291e0,-3.306929e1
4.569100e0,4.569107e0,-3.427168e1
4.602451e0,3.528513e0,-2.514020e1
4.635802e0,2.893094e0,-2.271185e1
4.669153e0,1.976536e0,-2.502020e1
4.702504e0,1.183380e0,-2.240990e1
4.735855e0,4.825432e-1,-2.394412e1
4.769206e0,-4.128943e-1,5.109565e0
4.802557e0,8.231808e-1,9.401685e1
4.835909e0,5.854895e0,9.989425e1
4.869260e0,7.482798e0,3.619339e1
4.902611e0,8.267788e0,7.108280e1
4.935962e0,1.222165e1,1.194184e2
4.969313e0,1.622902e1,9.468694e1
5.002664e0,1.853411e1,3.593696e1
5.036015e0,1.862481e1,-1.176917e1
5.069366e0,1.774950e1,-2.666415e1
5.102717e0,1.684720e1,-1.035646e1
5.136068e0,1.705907e1,1.581285e1
5.169420e0,1.790139e1,2.004900e1
5.202771e0,1.839567e1,4.061143e0
5.236122e0,1.817214e1,-1.175519e1
5.269473e0,1.761199e1,-1.143062e1
5.302824e0,1.741010e1,-1.173096e1
5.336175e0,1.682993e1,-3.802522e1
5.369526e0,1.487508e1,-6.745178e1
5.402877e0,1.233314e1,-4.478974e1
5.436228e0,1.188910e1,-1.764607e1
5.469579e0,1.115674e1,-2.574643e1
5.502930e0,1.017267e1,-2.746500e1
5.536282e0,9.325738e0,-2.649902e1
5.569633e0,8.406069e0,-2.854105e1
5.602984e0,7.423002e0,-2.643934e1
5.636335e0,6.643446e0,-2.086321e1
5.669686e0,6.032121e0,-2.031402e1
5.703037e0,5.289178e0,-2.435115e1
5.736388e0,4.408711e0,-2.857709e1
5.769739e0,3.384039e0,-2.095064e1
5.803090e0,3.012001e0,6.692003e1
5.836441e0,7.845374e0,1.277025e2
5.869792e0,1.152550e1,7.128342e1
5.903144e0,1.259760e1,4.532405e1
5.936495e0,1.454711e1,8.752846e1
5.969846e0,1.843283e1,1.017714e2
6.003197e0,2.133187e1,5.480035e1
6.036548e0,2.208619e1,-8.328834e0
6.069899e0,2.077661e1,-3.246443e1
6.103250e0,1.992189e1,-1.036057e1
6.136601e0,2.008591e1,1.573610e1
6.169952e0,2.097097e1,2.335688e1
6.203303e0,2.164303e1,5.856543e0
6.236655e0,2.136140e1,-1.022707e1
6.270006e0,2.096123e1,-5.081256e0
6.303357e0,2.102265e1,-2.699184e0
6.336708e0,2.078128e1,-2.886530e1
6.370059e0,1.909830e1,-6.385312e1
6.403410e0,1.652441e1,-5.080196e1
6.436761e0,1.571150e1,-2.504907e1
6.470112e0,1.485447e1,-2.485616e1
6.503463e0,1.405442e1,-1.959029e1
6.536814e0,1.354845e1,-2.259807e1
6.570165e0,1.254789e1,-3.431110e1
6.603517e0,1.126104e1,-3.277406e1
6.636868e0,1.036295e1,-2.389845e1
6.670219e0,9.667814e0,-2.103040e1
6.703570e0,8.960923e0,-1.904481e1
6.736921e0,8.398160e0,-1.715866e1
6.770272e0,7.817012e0,-1.704905e1
6.803623e0,7.261556e0,3.528670e1
6.836974e0,1.016946e1,1.028400e2
6.870325e0,1.411756e1,7.317150e1
6.903676e0,1.504756e1,4.233408e1
6.937027e0,1.693983e1,8.565138e1
6.970379e0,2.075765e1,1.082584e2
7.003730e0,2.415705e1,6.596982e1
7.037081e0,2.515564e1,3.919085e0
7.070432e0,2.441833e1,-1.802924e1
7.103783e0,2.395369e1,-2.497695e1
7.137134e0,2.275320e1,-6.543183e0
7.170485e0,2.351748e1,2.496848e1
7.203836e0,2.441776e1,8.577228e0
7.237187e0,2.408929e1,-1.316009e1
7.270538e0,2.354042e1,-5.589823e0
7.303890e0,2.371664e1,4.379691e0
7.337241e0,2.383240e1,-1.946988e1
7.370592e0,2.241865e1,-4.844440e1
7.403943e0,2.060277e1,-3.947174e1
7.437294e0,1.978720e1,-2.717152e1
7.470645e0,1.879134e1,-2.737460e1
7.503996e0,1.796222e1,-2.177376e1
7.537347e0,1.733976e1,-2.273486e1
7.570698e0,1.644657e1,-2.275724e1
7.604049e0,1.582261e1,-2.397656e1
7.637400e0,1.484813e1,-3.348285e1
7.670752e0,1.359042e1,-3.711762e1
7.704103e0,1.237362e1,-3.597613e1
7.737454e0,1.119201e1,-3.321819e1
7.770805e0,1.010371e1,-3.028570e1
7.804156e0,9.122484e0,-3.623247e-1
7.837507e0,1.007956e1,8.926827e1
7.870858e0,1.507370e1,1.274399e2
7.904209e0,1.857555e1,6.141546e1
7.937560e0,1.916807e1,4.749618e1
7.970911e0,2.174196e1,9.430518e1
8.004262e0,2.545508e1,8.350892e1
8.037614e0,2.730922e1,4.465338e1
8.070965e0,2.843197e1,1.749734e1
8.104316e0,2.847571e1,-2.433757e1
8.137667e0,2.680947e1,-2.022076e1
8.171018e0,2.712766e1,1.680004e1
8.204369e0,2.792947e1,1.366842e1
8.237720e0,2.803889e1,-2.688671e0
8.271071e0,2.775022e1,-8.526142e0
8.304422e0,2.747048e1,-1.605868e-1
8.337773e0,2.773952e1,-5.946011e0
8.371125e0,2.707408e1,-3.947922e1
8.404476e0,2.510757e1,-5.360023e1
8.437827e0,2.350073e1,-3.801077e1
8.471178e0,2.257352e1,-2.610697e1
8.504529e0,2.176026e1,-2.709666e1
8.537880e0,2.076707e1,-3.019446e1
8.571231e0,1.974730e1,-3.147698e1
8.604582e0,1.866861e1,-2.632905e1
8.637933e0,1.799203e1,-2.155830e1
8.671284e0,1.723139e1,-2.974721e1
8.704635e0,1.600888e1,-3.373554e1
8.737987e0,1.498235e1,-3.167884e1
8.771338e0,1.389696e1,-3.353759e1
8.804689e0,1.274651e1,-2.512015e1
8.838040e0,1.222228e1,5.872127e1
8.871391e0,1.666126e1,1.216434e2
8.904742e0,2.033184e1,6.838915e1
8.938093e0,2.122054e1,4.426961e1
8.971444e0,2.328315e1,8.901119e1
9.004795e0,2.715462e1,9.965105e1
9.038146e0,2.992655e1,5.303790e1
9.071497e0,3.069048e1,8.515231e0
9.104849e0,3.049423e1,-1.294002e1
9.138200e0,2.982781e1,-1.279737e1
9.171551e0,2.964108e1,7.489581e0
9.204902e0,3.032712e1,1.547599e1
9.238253e0,3.067281e1,5.352809e0
9.271604e0,3.068397e1,-4.803405e0
9.304955e0,3.035258e1,-6.842705e0
9.338306e0,3.022779e1,-7.316191e0
9.371657e0,2.986484e1,-2.387323e1
9.405008e0,2.863624e1,-5.588546e1
9.438360e0,2.613914e1,-5.691816e1
9.471711e0,2.484170e1,-2.914945e1
9.505062e0,2.419584e1,-2.219864e1
9.538413e0,2.336179e1,-2.388763e1
9.571764e0,2.260333e1,-2.097553e1
9.605115e0,2.196342e1,-1.792586e1
9.638466e0,2.140828e1,-1.544953e1
9.671817e0,2.093345e1,-1.492402e1
9.705168e0,2.041334e1,-1.767619e1
9.738519e0,1.975504e1,-2.195374e1
9.771870e0,1.894976e1,-2.138547e1
9.805222e0,1.832934e1,-1.933961e1
9.838573e0,1.766045e1,2.402717e1
9.871924e0,1.993115e1,9.301686e1
9.905275e0,2.386157e1,6.130371e1
9.938626e0,2.401807e1,3.096620e1
9.971977e0,2.592599e1,9.490953e1
1.000533e1,3.034537e1,1.221651e2
1.003868e1,3.407032e1,7.972466e1
1.007203e1,3.566035e1,2.721658e1
1.010538e1,3.588476e1,-1.056497e1
1.013873e1,3.495602e1,-3.825626e1
1.017208e1,3.333435e1,-2.318185e1
1.020543e1,3.341056e1,5.769788e0
1.023879e1,3.371900e1,1.336020e1
1.027214e1,3.430124e1,1.268589e1
1.030549e1,3.456472e1,-2.959193e-1
1.033884e1,3.428151e1,-1.171905e1
1.037219e1,3.378345e1,-2.634941e1
1.040554e1,3.252488e1,-4.894119e1
1.043889e1,3.052071e1,-5.683360e1
1.047224e1,2.873598e1,-3.698353e1
1.050559e1,2.805514e1,-1.853946e1
1.053895e1,2.750001e1,-2.094750e1
1.057230e1,2.665864e1,-2.201564e1
1.060565e1,2.603230e1,-1.951615e1
1.063900e1,2.535756e1,-1.709643e1
1.067235e1,2.489254e1,-1.960541e1
1.070570e1,2.405054e1,-3.072856e1
1.073905e1,2.284397e1,-3.895555e1
1.077240e1,2.145350e1,-4.022372e1
1.080575e1,2.016239e1,-3.417455e1
1.083911e1,1.911824e1,-9.113274e0
1.087246e1,1.953965e1,8.309251e1
1.090581e1,2.465774e1,1.234617e2
1.093916e1,2.777043e1,5.697665e1
1.097251e1,2.845618e1,5.616113e1
1.100586e1,3.151451e1,1.097945e2
1.103921e1,3.577582e1,1.022493e2
1.107256e1,3.833113e1,3.369626e1
1.110591e1,3.802223e1,-2.734410e1
1.113927e1,3.650819e1,-2.247280e1
1.117262e1,3.652405e1,-1.881626e1
1.120597e1,3.525377e1,-1.076299e0
1.123932e1,3.645229e1,2.955843e1
1.127267e1,3.722433e1,-4.904096e-1
1.130602e1,3.641960e1,-1.803829e1
1.133937e1,3.602178e1,-1.138448e0
1.137272e1,3.634370e1,-2.398417e0
1.140607e1,3.586188e1,-3.202165e1
1.143943e1,3.420893e1,-3.646470e1
1.147278e1,3.343090e1,-2.463734e1
1.150613e1,3.256644e1,-2.436021e1
1.153948e1,3.180689e1,-2.433867e1
1.157283e1,3.094386e1,-3.402862e1
1.160618e1,2.953832e1,-3.754446e1
1.163953e1,2.844089e1,-2.993929e1
1.167288e1,2.754236e1,-2.829267e1
1.170623e1,2.655472e1,-2.587862e1
1.173958e1,2.581712e1,-2.167852e1
1.177294e1,2.510948e1,-2.427702e1
1.180629e1,2.419865e1,-2.700909e1
1.183964e1,2.330888e1,-2.576603e1
1.187299e1,2.248092e1,4.924446e1
1.190634e1,2.659184e1,1.132893e2
1.193969e1,3.003354e1,7.968066e1
1.197304e1,3.190388e1,5.161477e1
1.200639e1,3.347452e1,6.579192e1
1.203974e1,3.629001e1,8.361504e1
1.207310e1,3.904886e1,6.300194e1
1.210645e1,4.049014e1,2.599659e1
1.213980e1,4.078197e1,-7.223531e0
1.217315e1,4.000857e1,-1.296012e1
1.220650e1,3.991796e1,3.959470e0
1.223985e1,4.027254e1,1.302919e1
1.227320e1,4.078657e1,1.032281e1
1.230655e1,4.096073e1,-1.746114e0
1.233990e1,4.067016e1,-7.078284e0
1.237326e1,4.048884e1,-7.020882e0
1.240661e1,4.020211e1,-2.221006e1
1.243996e1,3.900817e1,-5.075871e1
1.247331e1,3.681819e1,-5.242052e1
1.250666e1,3.551347e1,-2.738198e1
1.254001e1,3.499273e1,-1.853979e1
1.257336e1,3.427748e1,-2.419148e1
1.260671e1,3.337996e1,-2.367814e1
1.264006e1,3.269894e1,-1.587183e1
1.267342e1,3.232184e1,-1.361027e1
1.270677e1,3.179159e1,-2.100575e1
1.274012e1,3.092146e1,-3.529857e1
1.277347e1,2.943835e1,-4.436611e1
1.280682e1,2.796372e1,-4.461398e1
1.284017e1,2.646408e1,-4.300906e1
1.287352e1,2.509644e1,7.244809e0
1.290687e1,2.694707e1,1.078858e2
1.294022e1,3.228883e1,1.083203e2
1.297358e1,3.416842e1,4.242145e1
1.300693e1,3.511693e1,5.294915e1
1.304028e1,3.769837e1,8.481874e1
1.307363e1,4.077151e1,7.991721e1
1.310698e1,4.302618e1,4.966652e1
1.314033e1,4.408261e1,-1.509399e-1
1.317368e1,4.301612e1,-2.369537e1
1.320703e1,4.250292e1,-3.614104e0
1.324038e1,4.277518e1,8.914257e0
1.327374e1,4.309720e1,1.280731e1
1.330709e1,4.362900e1,8.237059e0
1.334044e1,4.364634e1,-4.234950e0
1.337379e1,4.334667e1,-9.752198e0
1.340714e1,4.299619e1,-1.878190e1
1.344049e1,4.209454e1,-4.255073e1
1.347384e1,4.015948e1,-6.540932e1
1.350719e1,3.773392e1,-4.657520e1
1.354054e1,3.705447e1,-1.746680e1
1.357390e1,3.656947e1,-1.729803e1
1.360725e1,3.590126e1,-2.462508e1
1.364060e1,3.492780e1,-2.776117e1
1.367395e1,3.405052e1,-2.903635e1
1.370730e1,3.299204e1,-3.061870e1
1.374065e1,3.200927e1,-2.733292e1
1.377400e1,3.116984e1,-2.868666e1
1.380735e1,3.009683e1,-2.977990e1
1.384070e1,2.918452e1,-2.387133e1
1.387405e1,2.850541e1,-9.422273e0
1.390741e1,2.855637e1,7.333221e1
1.394076e1,3.351644e1,1.087322e2
1.397411e1,3.598640e1,4.644895e1
1.400746e1,3.661304e1,5.091705e1
1.404081e1,3.938087e1,9.230355e1
1.407416e1,4.276661e1,9.683167e1
1.410751e1,4.583632e1,6.550345e1
1.414086e1,4.713350e1,1.417805e1
1.417421e1,4.678152e1,-1.235240e1
1.420757e1,4.631001e1,-1.478867e1
1.424092e1,4.579561e1,-9.062557e0
1.427427e1,4.570584e1,3.657011e0
1.430762e1,4.603941e1,1.344713e1
1.434097e1,4.660232e1,1.474530e1
1.437432e1,4.702243e1,4.561873e0
1.440767e1,4.690644e1,-1.591402e1
1.444102e1,4.596149e1,-4.307179e1
1.447437e1,4.403499e1,-6.971754e1
1.450773e1,4.131366e1,-6.656938e1
1.454108e1,3.959703e1,-3.646370e1
1.457443e1,3.888274e1,-2.233284e1
1.460778e1,3.810817e1,-2.023043e1
1.464113e1,3.753405e1,-1.519548e1
1.467448e1,3.709514e1,-1.738652e1
1.470783e1,3.637495e1,-2.987059e1
1.474118e1,3.510377e1,-3.892247e1
1.477453e1,3.378012e1,-3.598550e1
1.480789e1,3.270473e1,-3.430659e1
1.484124e1,3.149301e1,-3.876958e1
1.487459e1,3.012010e1,-3.612749e1
1.490794e1,2.908451e1,3.511633e1
1.494129e1,3.246118e1,1.265988e2
1.497464e1,3.752443e1,8.908246e1
1.500799e1,3.840002e1,3.137430e1
1.504134e1,3.961605e1,8.196436e1
1.507469e1,4.386431e1,1.142512e2
1.510805e1,4.723280e1,6.720524e1
1.514140e1,4.834466e1,1.437303e1
1.517475e1,4.819100e1,-2.740207e0
1.520810e1,4.816197e1,-1.832402e1
1.524145e1,4.696940e1,-2.842448e1
1.527480e1,4.626701e1,6.901248e0
1.530815e1,4.742948e1,2.283383e1
1.534150e1,4.778926e1,5.536927e0
1.537485e1,4.779861e1,-7.619684e0
1.540821e1,4.728129e1,-1.525539e1
1.544156e1,4.678158e1,-1.969049e1
1.547491e1,4.596859e1,-3.844295e1
1.550826e1,4.421872e1,-4.529144e1
1.554161e1,4.294916e1,-3.303927e1
1.557496e1,4.201610e1,-2.787271e1
1.560831e1,4.109098e1,-3.635005e1
1.564166e1,3.959276e1,-3.979587e1
1.567501e1,3.843792e1,-2.847345e1
1.570837e1,3.769453e1,-2.778763e1
1.574172e1,3.658541e1,-2.751232e1
1.577507e1,3.586038e1,-2.185797e1
1.580842e1,3.512821e1,-2.231405e1
1.584177e1,3.437278e1,-2.380532e1
1.587512e1,3.354119e1,-3.019030e1
1.590847e1,3.236009e1,-4.738508e-1
1.594182e1,3.350960e1,9.680247e1
1.597517e1,3.881359e1,1.210102e2
1.600852e1,4.157694e1,5.115718e1
1.604188e1,4.222407e1,4.796199e1
1.607523e1,4.477441e1,9.633241e1
1.610858e1,4.864623e1,8.101755e1
1.614193e1,5.017558e1,2.460972e1
1.617528e1,5.028687e1,-4.814503e-1
1.620863e1,5.014348e1,-1.537253e1
1.624198e1,4.926204e1,-8.087595e0
1.627533e1,4.960431e1,1.252858e1
1.630868e1,5.009728e1,1.265603e1
1.634204e1,5.044805e1,3.927889e0
1.637539e1,5.035914e1,-6.883321e0
1.640874e1,4.998916e1,-8.424741e0
1.644209e1,4.979749e1,-1.110376e1
1.647544e1,4.924891e1,-3.643567e1
1.650879e1,4.736844e1,-5.656086e1
1.654214e1,4.547818e1,-4.059867e1
1.657549e1,4.466187e1,-2.417918e1
1.660884e1,4.386624e1,-2.645243e1
1.664220e1,4.289837e1,-2.439220e1
1.667555e1,4.224009e1,-2.548264e1
1.670890e1,4.119953e1,-3.295648e1
1.674225e1,4.004299e1,-3.302387e1
1.677560e1,3.899794e1,-3.474234e1
1.680895e1,3.772684e1,-3.847650e1
1.684230e1,3.643284e1,-3.542294e1
1.687565e1,3.536531e1,-3.144405e1
1.690900e1,3.433657e1,-2.050762e1
1.694236e1,3.399813e1,6.958792e1
1.697571e1,3.897576e1,1.448648e2
1.700906e1,4.365578e1,8.843494e1
1.704241e1,4.487142e1,3.778870e1
1.707576e1,4.623801e1,6.729888e1
1.710911e1,4.947018e1,8.924559e1
1.714246e1,5.218772e1,6.159178e1
1.717581e1,5.357630e1,2.043793e1
1.720916e1,5.355025e1,-5.611349e0
1.724252e1,5.320221e1,-9.816535e0
1.727587e1,5.289581e1,-6.477661e0
1.730922e1,5.277036e1,-1.092664e0
1.734257e1,5.282297e1,5.358388e0
1.737592e1,5.312759e1,9.581871e0
1.740927e1,5.346176e1,5.296014e0
1.744262e1,5.348066e1,-1.255314e1
1.747597e1,5.262488e1,-3.508739e1
1.750932e1,5.114150e1,-5.908146e1
1.754268e1,4.868612e1,-5.975402e1
1.757603e1,4.715790e1,-3.587375e1
1.760938e1,4.629453e1,-2.586087e1
1.764273e1,4.543384e1,-2.430151e1
1.767608e1,4.467443e1,-1.978738e1
1.770943e1,4.411468e1,-1.813853e1
1.774278e1,4.346520e1,-2.684033e1
1.777613e1,4.232533e1,-3.222446e1
1.780948e1,4.131690e1,-2.968128e1
1.784284e1,4.034657e1,-2.801373e1
1.787619e1,3.944932e1,-2.979204e1
1.790954e1,3.836044e1,-3.463573e1
1.794289e1,3.714027e1,1.824764e1
1.797624e1,3.957695e1,1.151647e2
1.800959e1,4.481792e1,1.032136e2
1.804294e1,4.645785e1,4.416546e1
1.807629e1,4.776228e1,7.271102e1
1.810964e1,5.130525e1,1.009729e2
1.814299e1,5.449380e1,7.796184e1
1.817635e1,5.650271e1,2.818683e1
1.820970e1,5.637293e1,-3.104910e1
1.824305e1,5.443277e1,-3.255062e1
1.827640e1,5.420289e1,-1.989081e-1
1.830975e1,5.441951e1,5.457132e0
1.834310e1,5.456669e1,1.262957e1
1.837645e1,5.526148e1,6.389610e0
1.840980e1,5.499267e1,-6.861673e0
1.844315e1,5.480404e1,-7.397284e0
1.847651e1,5.449952e1,-1.764584e1
1.850986e1,5.362765e1,-3.575002e1
1.854321e1,5.211618e1,-3.885882e1
1.857656e1,5.103706e1,-2.653085e1
1.860991e1,5.034746e1,-1.746681e1
1.864326e1,4.987260e1,-2.074272e1
1.867661e1,4.896461e1,-3.474929e1
1.870996e1,4.755598e1,-4.316802e1
1.874331e1,4.608674e1,-3.912381e1
1.877667e1,4.494773e1,-3.121216e1
1.881002e1,4.400593e1,-2.553657e1
1.884337e1,4.324529e1,-2.336381e1
1.887672e1,4.244834e1,-2.197506e1
1.891007e1,4.178029e1,-2.227656e1
1.894342e1,4.096324e1,-3.788050e0
1.897677e1,4.152775e1,8.021213e1
1.901012e1,4.631072e1,1.209156e2
1.904347e1,4.958879e1,5.769112e1
1.907683e1,5.015679e1,4.534482e1
1.911018e1,5.261178e1,8.886707e1
1.914353e1,5.608126e1,7.831757e1
1.917688e1,5.783295e1,3.785630e1
1.921023e1,5.860502e1,2.272591e1
1.924358e1,5.934801e1,6.610817e-1
1.927693e1,5.864909e1,-1.196134e1
1.931028e1,5.855059e1,1.518913e0
1.934363e1,5.875035e1,6.129449e0
1.937699e1,5.895922e1,4.231920e0
1.941034e1,5.903248e1,1.974781e0
1.944369e1,5.909087e1,-7.014808e-1
1.947704e1,5.898571e1,-1.631372e1
1.951039e1,5.800329e1,-4.133049e1
1.954374e1,5.623034e1,-5.940094e1
1.957709e1,5.404323e1,-5.875714e1
1.961044e1,5.231320e1,-3.521038e1
1.964379e1,5.169587e1,-1.560603e1
1.967715e1,5.127280e1,-1.531576e1
1.971050e1,5.067482e1,-2.615822e1
1.974385e1,4.952892e1,-3.432743e1
1.977720e1,4.838632e1,-3.053161e1
1.981055e1,4.749348e1,-2.258490e1
1.984390e1,4.688066e1,-1.915489e1
1.987725e1,4.621649e1,-2.507978e1
1.991060e1,4.520868e1,-3.370074e1
1.994395e1,4.396977e1,-3.324278e1
1.997731e1,4.299249e1,4.349468e1
2.001066e1,4.686941e1,1.201884e2
2.004401e1,5.100505e1,7.762399e1
2.007736e1,5.204435e1,4.422210e1
2.011071e1,5.395319e1,8.694734e1
2.014406e1,5.798575e1,1.009026e2
2.017741e1,6.084820e1,5.971473e1
2.021076e1,6.196673e1,1.199956e1
2.024411e1,6.164817e1,-1.852865e1
2.027746e1,6.073149e1,-2.451108e1
2.031082e1,6.001410e1,-7.147100e0
2.034417e1,6.025501e1,1.041409e1
2.037752e1,6.070837e1,1.210029e1
2.041087e1,6.106170e1,9.559061e0
2.044422e1,6.134564e1,-1.205684e0
2.047757e1,6.098132e1,-1.735848e1
2.051092e1,6.018841e1,-3.158344e1
2.054427e1,5.887576e1,-4.634833e1
2.057762e1,5.709852e1,-4.505397e1
2.061098e1,5.587216e1,-3.294695e1
2.064433e1,5.490206e1,-2.765472e1
2.067768e1,5.402851e1,-2.999078e1
2.071103e1,5.290267e1,-3.160678e1
2.074438e1,5.192139e1,-3.179536e1
2.077773e1,5.078298e1,-3.097773e1
2.081108e1,4.985621e1,-2.868348e1
2.084443e1,4.887075e1,-2.936160e1
2.087778e1,4.789877e1,-2.814823e1
2.091114e1,4.699420e1,-2.969274e1
2.094449e1,4.591925e1,-3.455969e1
2.097784e1,4.469022e1,1.149272e1
2.101119e1,4.668544e1,1.029302e2
2.104454e1,5.155224e1,1.066724e2
2.107789e1,5.379693e1,4.521174e1
2.111124e1,5.456635e1,5.616079e1
2.114459e1,5.754099e1,9.295951e1
2.117794e1,6.076366e1,6.679952e1
2.121130e1,6.199429e1,2.861534e1
2.124465e1,6.267134e1,1.107878e1
2.127800e1,6.273287e1,-1.755725e1
2.131135e1,6.150086e1,-1.470695e1
2.134470e1,6.175241e1,1.089384e1
2.137805e1,6.222712e1,1.050072e1
2.141140e1,6.245246e1,6.797306e0
2.144475e1,6.268027e1,-1.188832e-1
2.147810e1,6.244453e1,-9.000927e0
2.151146e1,6.208021e1,-2.116751e1
2.154481e1,6.103336e1,-4.507609e1
2.157816e1,5.907514e1,-5.507381e1
2.161151e1,5.736178e1,-3.811356e1
2.164486e1,5.653423e1,-2.645302e1
2.167821e1,5.559824e1,-2.952630e1
2.171156e1,5.456581e1,-2.928310e1
2.174491e1,5.364603e1,-2.628485e1
2.177826e1,5.281349e1,-1.651945e1
2.181162e1,5.254474e1,-1.348618e1
2.184497e1,5.191441e1,-2.507664e1
2.187832e1,5.087296e1,-3.216941e1
2.191167e1,4.976978e1,-3.311753e1
2.194502e1,4.866513e1,-3.061491e1
2.197837e1,4.772879e1,-1.015801e1
2.201172e1,4.798793e1,8.071097e1
2.204507e1,5.310952e1,1.156224e2
2.207842e1,5.569609e1,5.463134e1
2.211178e1,5.675161e1,5.751313e1
2.214513e1,5.953030e1,1.085698e2
2.217848e1,6.398959e1,1.100785e2
2.221183e1,6.686886e1,4.052908e1
2.224518e1,6.669153e1,-2.670937e1
2.227853e1,6.508824e1,-3.055511e1
2.231188e1,6.465452e1,-7.025946e0
2.234523e1,6.461984e1,1.419710e1
2.237858e1,6.560100e1,2.837858e1
2.241193e1,6.651175e1,5.856158e0
2.244529e1,6.599141e1,-1.619551e1
2.247864e1,6.543205e1,-7.267923e0
2.251199e1,6.550688e1,-3.218569e0
2.254534e1,6.521748e1,-3.284248e1
2.257869e1,6.331738e1,-5.452343e1
2.261204e1,6.158258e1,-3.697728e1
2.264539e1,6.085223e1,-2.095201e1
2.267874e1,6.018578e1,-1.721526e1
2.271209e1,5.970454e1,-1.735296e1
2.274545e1,5.902892e1,-2.300796e1
2.277880e1,5.817068e1,-3.102809e1
2.281215e1,5.696038e1,-3.850694e1
2.284550e1,5.560355e1,-4.016322e1
2.287885e1,5.428283e1,-3.912955e1
2.291220e1,5.299491e1,-3.572420e1
2.294555e1,5.190122e1,-3.012565e1
2.297890e1,5.098654e1,-2.361464e1
2.301225e1,5.032691e1,5.142676e1
2.304561e1,5.441499e1,1.276147e2
2.307896e1,5.883455e1,9.070487e1
2.311231e1,6.046198e1,4.476874e1
2.314566e1,6.181913e1,6.831456e1
2.317901e1,6.501628e1,9.398266e1
2.321236e1,6.808464e1,6.364524e1
2.324571e1,6.936537e1,2.618760e1
2.327906e1,6.987413e1,7.011339e0
2.331241e1,6.983280e1,-3.300591e1
2.334577e1,6.767374e1,-2.082843e1
2.337912e1,6.844424e1,1.724285e1
2.341247e1,6.882326e1,4.661629e0
2.344582e1,6.875501e1,-4.116106e0
2.347917e1,6.854885e1,-2.398583e0
2.351252e1,6.859511e1,-2.829762e0
2.354587e1,6.836020e1,-2.590071e1
2.357922e1,6.686839e1,-4.176134e1
2.361257e1,6.557611e1,-3.317495e1
2.364593e1,6.465673e1,-2.582666e1
2.367928e1,6.385434e1,-1.938909e1
2.371263e1,6.336412e1,-6.357875e0
2.374598e1,6.343048e1,-8.215003e0
2.377933e1,6.281646e1,-2.660595e1
2.381268e1,6.165675e1,-3.565383e1
2.384603e1,6.043953e1,-3.969745e1
2.387938e1,5.901025e1,-4.329815e1
2.391273e1,5.755299e1,-3.405601e1
2.394609e1,5.673985e1,-5.843833e0
2.397944e1,5.716340e1,1.339567e1
2.401279e1,5.763289e1,3.229366e1
2.404614e1,5.931631e1,9.644868e1
2.407949e1,6.406281e1,8.892593e1
2.411284e1,6.524471e1,3.360724e1
2.414619e1,6.630329e1,6.599117e1
2.417954e1,6.964412e1,8.645333e1
2.421289e1,7.206684e1,4.904148e1
2.424625e1,7.291355e1,4.085152e0
2.427960e1,7.233919e1,-1.282820e1
2.431295e1,7.205834e1,-3.914852e0
2.434630e1,7.207820e1,5.826529e0
2.437965e1,7.244677e1,8.540150e0
2.441300e1,7.264754e1,2.824685e0
2.444635e1,7.263508e1,-2.736126e0
2.447970e1,7.246513e1,-2.968320e0
2.451305e1,7.243720e1,1.078050e-3
2.454640e1,7.246520e1,-1.102451e1
2.457976e1,7.170223e1,-4.456161e1
2.461311e1,6.949443e1,-6.546774e1
2.464646e1,6.733771e1,-4.589480e1
2.467981e1,6.643478e1,-2.493260e1
2.471316e1,6.567554e1,-2.229958e1
2.474651e1,6.494814e1,-1.758115e1
2.477986e1,6.450346e1,-1.628806e1
2.481321e1,6.386227e1,-3.071020e1
2.484656e1,6.245612e1,-4.210110e1
2.487992e1,6.105553e1,-3.994980e1
2.491327e1,5.979280e1,-3.558502e1
2.494662e1,5.868319e1,-3.063613e1
2.497997e1,5.775039e1,-2.697349e1
2.501332e1,5.688496e1,-1.522482e1
2.504667e1,5.673540e1,7.401937e1
2.508002e1,6.181958e1,1.349406e2
2.511337e1,6.573144e1,7.274846e1
2.514672e1,6.666948e1,4.214920e1
2.518008e1,6.854139e1,9.018636e1
2.521343e1,7.268191e1,9.918459e1
2.524678e1,7.515369e1,4.198058e1
2.528013e1,7.548061e1,-9.132410e0
2.531348e1,7.454487e1,-2.270954e1
2.534683e1,7.396664e1,-8.603327e0
2.538018e1,7.397131e1,-1.390601e0
2.541353e1,7.387393e1,1.203471e1
2.544688e1,7.477363e1,1.002677e1
2.548024e1,7.454239e1,-8.121259e0
2.551359e1,7.423221e1,-6.883388e0
2.554694e1,7.408349e1,-5.633627e0
2.558029e1,7.385663e1,-2.469185e1
2.561364e1,7.243737e1,-4.051939e1
2.564699e1,7.115534e1,-3.190837e1
2.568034e1,7.031015e1,-2.264224e1
2.571369e1,6.964586e1,-1.586440e1
2.574704e1,6.925252e1,-1.358642e1
2.578040e1,6.874010e1,-2.620797e1
2.581375e1,6.750532e1,-4.092468e1
2.584710e1,6.601178e1,-4.004551e1
2.588045e1,6.483562e1,-3.452432e1
2.591380e1,6.371016e1,-3.230635e1
2.594715e1,6.268186e1,-3.018971e1
2.598050e1,6.169752e1,-2.678928e1
2.601385e1,6.089591e1,-2.408835e1
2.604720e1,6.009163e1,3.992202e1
2.608056e1,6.355738e1,1.186520e2
2.611391e1,6.800176e1,9.471523e1
2.614726e1,6.987173e1,5.004054e1
2.618061e1,7.133779e1,5.507593e1
2.621396e1,7.354346e1,6.880066e1
2.624731e1,7.592450e1,6.037793e1
2.628066e1,7.756865e1,2.397527e1
2.631401e1,7.752285e1,-1.289694e0
2.634736e1,7.748052e1,7.778443e-1
2.638072e1,7.757601e1,1.277749e0
2.641407e1,7.756571e1,3.290961e0
2.644742e1,7.779540e1,5.135408e0
2.648077e1,7.790807e1,1.905067e0
2.651412e1,7.792241e1,-4.396666e-1
2.654747e1,7.787876e1,-5.933961e0
2.658082e1,7.752681e1,-2.310057e1
2.661417e1,7.633872e1,-4.733333e1
2.664752e1,7.437126e1,-5.187701e1
2.668087e1,7.288025e1,-3.570322e1
2.671423e1,7.199104e1,-2.460995e1
2.674758e1,7.123959e1,-2.098744e1
2.678093e1,7.059188e1,-1.251688e1
2.681428e1,7.040513e1,-1.547956e1
2.684763e1,6.955991e1,-3.283473e1
2.688098e1,6.821615e1,-3.694435e1
2.691433e1,6.709695e1,-3.567616e1
2.694768e1,6.583774e1,-3.593517e1
2.698103e1,6.470127e1,-2.845318e1
2.701439e1,6.394086e1,-2.373405e1
2.704774e1,6.311900e1,5.647326e0
2.708109e1,6.431735e1,9.789634e1
2.711444e1,6.964543e1,1.179062e2
2.714779e1,7.217776e1,4.694496e1
2.718114e1,7.277509e1,4.727798e1
2.721449e1,7.532962e1,8.510936e1
2.724784e1,7.844905e1,7.544221e1
2.728119e1,8.035911e1,4.678003e1
2.731455e1,8.156772e1,2.768286e1
2.734790e1,8.220463e1,-1.863440e1
2.738125e1,8.032542e1,-3.749112e1
2.741460e1,7.970522e1,2.750438e0
2.744795e1,8.050879e1,1.141210e1
2.748130e1,8.046603e1,1.240811e-1
2.751465e1,8.051706e1,-4.759483e0
2.754800e1,8.014873e1,-5.814972e0
2.758135e1,8.012939e1,-1.098966e1
2.761471e1,7.941609e1,-2.794739e1
2.764806e1,7.826623e1,-3.493899e1
2.768141e1,7.708682e1,-3.044217e1
2.771476e1,7.623676e1,-3.164874e1
2.774811e1,7.497690e1,-3.238477e1
2.778146e1,7.407777e1,-2.354362e1
2.781481e1,7.340733e1,-2.055267e1
2.784816e1,7.270759e1,-2.940236e1
2.788151e1,7.144717e1,-3.647702e1
2.791487e1,7.027579e1,-3.375605e1
2.794822e1,6.919677e1,-3.310858e1
2.798157e1,6.806855e1,-3.495031e1
2.801492e1,6.686675e1,-3.288495e1
2.804827e1,6.587622e1,-2.177740e1
2.808162e1,6.541492e1,6.663550e1
2.811497e1,7.031859e1,1.412267e2
2.814832e1,7.483003e1,7.712283e1
2.818167e1,7.546011e1,3.197778e1
2.821503e1,7.696188e1,7.327535e1
2.824838e1,8.034513e1,9.022232e1
2.828173e1,8.297671e1,5.441199e1
2.831508e1,8.397260e1,-5.721601e0
2.834843e1,8.259527e1,-3.362071e1
2.838178e1,8.173122e1,-4.411755e0
2.841513e1,8.230115e1,1.302523e1
2.844848e1,8.259957e1,8.401331e0
2.848183e1,8.286124e1,-8.405465e-2
2.851519e1,8.259397e1,-7.678789e0
2.854854e1,8.234932e1,-2.113320e0
2.858189e1,8.245308e1,-3.643596e0
2.861524e1,8.210641e1,-2.739068e1
2.864859e1,8.062703e1,-4.068808e1
2.868194e1,7.939387e1,-3.193572e1
2.871529e1,7.849798e1,-2.739988e1
2.874864e1,7.756721e1,-2.471168e1
2.878199e1,7.685054e1,-2.045901e1
2.881534e1,7.620328e1,-2.370108e1
2.884870e1,7.527047e1,-3.421831e1
2.888205e1,7.392206e1,-4.083735e1
2.891540e1,7.254798e1,-4.503020e1
2.894875e1,7.092005e1,-4.521614e1
2.898210e1,6.953357e1,-3.723491e1
2.901545e1,6.843772e1,-2.885630e1
2.904880e1,6.760981e1,-2.270937e1
2.908215e1,6.692376e1,4.035778e1
2.911550e1,7.030033e1,1.309394e2
2.914886e1,7.565305e1,1.176862e2
2.918221e1,7.814608e1,5.107991e1
2.921556e1,7.905838e1,5.350126e1
2.924891e1,8.171283e1,7.765035e1
2.928226e1,8.423507e1,5.722411e1
2.931561e1,8.552777e1,2.435210e1
2.934896e1,8.585854e1,2.491917e0
2.938231e1,8.569390e1,-6.823808e0
2.941566e1,8.539225e1,-1.931678e0
2.944902e1,8.556190e1,4.643171e0
2.948237e1,8.570180e1,4.986950e0
2.951572e1,8.589437e1,6.044028e0
2.954907e1,8.610473e1,1.133479e0
2.958242e1,8.596993e1,-8.216195e0
2.961577e1,8.555698e1,-2.052525e1
2.964912e1,8.460158e1,-3.774834e1
2.968247e1,8.304043e1,-3.864969e1
2.971582e1,8.202493e1,-3.172416e1
2.974918e1,8.092548e1,-2.919474e1
2.978253e1,8.007862e1,-2.983452e1
2.981588e1,7.893652e1,-2.939744e1
2.984923e1,7.811879e1,-1.748843e1
2.988258e1,7.777062e1,-8.995145e0
2.991593e1,7.751911e1,-9.132761e0
2.994928e1,7.716177e1,-1.380856e1
2.998263e1,7.659854e1,-1.908991e1
3.001598e1,7.588911e1,-3.031955e1
3.004934e1,7.457724e1,-4.970844e1
3.008269e1,7.257521e1,-3.798888e1
3.011604e1,7.204465e1,6.480537e1
3.014939e1,7.689557e1,1.282292e2
3.018274e1,8.059326e1,6.692843e1
3.021609e1,8.135747e1,5.627647e1
3.024944e1,8.434502e1,9.487269e1
3.028279e1,8.768231e1,5.216243e1
3.031614e1,8.782252e1,-7.972138e0
3.034950e1,8.715084e1,-4.887245e0
3.038285e1,8.749670e1,1.001259e1
3.041620e1,8.781834e1,1.139899e1
3.044955e1,8.825664e1,7.127625e0
3.048290e1,8.829352e1,-2.782984e0
3.051625e1,8.807110e1,-2.202429e0
3.054960e1,8.814669e1,1.894438e0
3.058295e1,8.819740e1,1.047918e0
3.061630e1,8.821655e1,-1.006274e1
3.064966e1,8.752655e1,-2.429097e1
3.068301e1,8.659715e1,-3.116764e1
3.071636e1,8.544871e1,-3.738698e1
3.074971e1,8.410469e1,-3.317984e1
3.078306e1,8.323672e1,-2.888483e1
3.081641e1,8.217903e1,-3.124279e1
3.084976e1,8.115386e1,-2.957449e1
3.088311e1,8.020740e1,-3.703496e1
3.091646e1,7.868487e1,-4.274308e1
3.094981e1,7.735786e1,-3.305857e1
3.098317e1,7.648096e1,-2.828061e1
3.101652e1,7.547249e1,-3.334701e1
3.104987e1,7.425783e1,-3.363516e1
3.108322e1,7.323014e1,-2.424863e1
3.111657e1,7.264125e1,6.689919e1
3.114992e1,7.769009e1,1.390289e2
3.118327e1,8.190984e1,1.012044e2
3.121662e1,8.443705e1,5.724841e1
3.124997e1,8.572640e1,5.795320e1
3.128333e1,8.830060e1,6.550007e1
3.131668e1,9.009308e1,3.464855e1
3.135003e1,9.061050e1,1.118273e1
3.138338e1,9.083859e1,3.563808e0
3.141673e1,9.084809e1,3.637407e0
3.145008e1,9.108109e1,1.367011e1
3.148343e1,9.175943e1,7.285428e0
3.151678e1,9.156678e1,-5.771269e0
3.155013e1,9.137468e1,1.664362e-1
3.158349e1,9.157788e1,3.995511e0
3.161684e1,9.164104e1,-7.204555e0
3.165019e1,9.109757e1,-2.719651e1
3.168354e1,8.982794e1,-3.485161e1
3.171689e1,8.877413e1,-3.175567e1
3.175024e1,8.771090e1,-3.422020e1
3.178359e1,8.649279e1,-3.358067e1
3.181694e1,8.547219e1,-2.678968e1
3.185029e1,8.470681e1,-1.941360e1
3.188365e1,8.417795e1,-2.129093e1
3.191700e1,8.328741e1,-3.350395e1
3.195035e1,8.194435e1,-4.325837e1
3.198370e1,8.040352e1,-4.234880e1
3.201705e1,7.912110e1,-3.420205e1
3.205040e1,7.812338e1,-2.758087e1
3.208375e1,7.728237e1,-2.278617e1
3.211710e1,7.660431e1,2.805391e1
3.215045e1,7.915263e1,1.173411e2
3.218381e1,8.442704e1,1.159336e2
3.221716e1,8.688154e1,5.261369e1
3.225051e1,8.793462e1,5.953876e1
3.228386e1,9.085079e1,8.751154e1
3.231721e1,9.376873e1,6.556530e1
3.235056e1,9.522181e1,2.653784e1
3.238391e1,9.553792e1,-3.845948e0
3.241726e1,9.496541e1,-2.194174e1
3.245061e1,9.407513e1,8.239882e-1
3.248397e1,9.502035e1,1.523507e1
3.251732e1,9.509080e1,-2.508823e-1
3.255067e1,9.500320e1,-2.625212e0
3.258402e1,9.491141e1,3.107792e0
3.261737e1,9.521039e1,4.996877e-1
3.265072e1,9.494473e1,-1.716255e1
3.268407e1,9.406622e1,-3.212896e1
3.271742e1,9.280280e1,-3.277518e1
3.275077e1,9.188121e1,-2.929296e1
3.278413e1,9.084993e1,-2.856178e1
3.281748e1,8.997709e1,-2.562686e1
3.285083e1,8.914148e1,-3.260846e1
3.288418e1,8.780319e1,-3.853963e1
3.291753e1,8.657217e1,-3.653175e1
3.295088e1,8.536774e1,-3.772239e1
3.298423e1,8.405734e1,-3.619184e1
3.301758e1,8.295495e1,-3.163275e1
3.305093e1,8.194849e1,-2.963279e1
3.308428e1,8.097943e1,-2.861823e1
3.311764e1,8.004061e1,-1.135008e1
3.315099e1,8.022276e1,8.417921e1
3.318434e1,8.565256e1,1.406383e2
3.321769e1,8.959865e1,7.761300e1
3.325104e1,9.082676e1,4.933813e1
3.328439e1,9.288786e1,6.230479e1
3.331774e1,9.498041e1,5.330075e1
3.335109e1,9.644124e1,3.582801e1
3.338444e1,9.736894e1,1.700231e1
3.341780e1,9.757473e1,2.645834e0
3.345115e1,9.754533e1,1.472997e0
3.348450e1,9.767293e1,3.025294e0
3.351785e1,9.774702e1,5.106105e0
3.355120e1,9.801334e1,6.242421e0
3.358455e1,9.816318e1,1.938636e0
3.361790e1,9.814258e1,-3.268788e0
3.365125e1,9.794526e1,-1.219004e1
3.368460e1,9.732991e1,-3.194987e1
3.371796e1,9.581527e1,-4.997266e1
3.375131e1,9.399840e1,-4.356099e1
3.378466e1,9.291120e1,-2.683003e1
3.381801e1,9.220973e1,-2.408312e1
3.385136e1,9.130566e1,-2.942631e1
3.388471e1,9.024798e1,-2.730740e1
3.391806e1,8.948517e1,-2.297975e1
3.395141e1,8.871599e1,-2.605481e1
3.398476e1,8.774818e1,-3.354093e1
3.401812e1,8.647993e1,-3.504171e1
3.405147e1,8.541207e1,-3.078966e1
3.408482e1,8.442729e1,-2.745555e1
3.411817e1,8.358170e1,-2.240302e1
3.415152e1,8.293375e1,4.935698e1
3.418487e1,8.687216e1,1.314928e2
3.421822e1,9.169994e1,9.454977e1
3.425157e1,9.317548e1,4.261663e1
3.428492e1,9.454105e1,6.790577e1
3.431828e1,9.770253e1,8.076612e1
3.435163e1,9.992546e1,4.102298e1
3.438498e1,1.004374e2,1.839668e1
3.441833e1,1.011519e2,6.575888e0
3.445168e1,1.008758e2,-2.003312e1
3.448503e1,9.981636e1,5.421777e0
3.451838e1,1.012372e2,1.363562e1
3.455173e1,1.007254e2,-7.660423e0
3.458508e1,1.007265e2,4.608860e0
3.461844e1,1.010327e2,4.557782e-2
3.465179e1,1.007296e2,-7.887514e0
3.468514e1,1.005068e2,-1.815027e1
3.471849e1,9.951957e1,-2.866010e1
3.475184e1,9.859615e1,-2.564976e1
3.478519e1,9.780958e1,-2.518525e1
3.481854e1,9.691714e1,-2.654708e1
3.485189e1,9.603978e1,-2.997896e1
3.488524e1,9.491854e1,-3.343261e1
3.491860e1,9.381094e1,-3.650022e1
3.495195e1,9.248519e1,-3.833796e1
3.498530e1,9.125508e1,-3.530393e1
3.501865e1,9.013160e1,-3.250565e1
3.505200e1,8.908803e1,-3.025206e1
3.508535e1,8.811479e1,-2.758508e1
3.511870e1,8.724903e1,-2.506098e1
3.515205e1,8.644406e1,1.480516e1
3.518540e1,8.823604e1,9.937964e1
3.521875e1,9.306937e1,1.107479e2
3.525211e1,9.561923e1,7.211737e1
3.528546e1,9.787719e1,4.987329e1
3.531881e1,9.894412e1,4.234571e1
3.535216e1,1.007002e2,5.044726e1
3.538551e1,1.023073e2,4.339009e1
3.541886e1,1.035929e2,2.299644e1
3.545221e1,1.038404e2,5.138187e0
3.548556e1,1.039355e2,1.304328e-1
3.551891e1,1.038491e2,-3.448342e0
3.555227e1,1.037056e2,-8.109203e-1
3.558562e1,1.037950e2,2.737180e0
3.561897e1,1.038880e2,1.298533e0
3.565232e1,1.038837e2,-2.194040e0
3.568567e1,1.037381e2,-1.503441e1
3.571902e1,1.028814e2,-4.468988e1
3.575237e1,1.007588e2,-4.923047e1
3.578572e1,9.959941e1,-2.656566e1
3.581907e1,9.898775e1,-2.258373e1
3.585243e1,9.809382e1,-3.232024e1
3.588578e1,9.683307e1,-3.393102e1
3.591913e1,9.583176e1,-2.992617e1
3.595248e1,9.483799e1,-2.822537e1
3.598583e1,9.395007e1,-2.049580e1
3.601918e1,9.347161e1,-1.482313e1
3.605253e1,9.296186e1,-1.759047e1
3.608588e1,9.229891e1,-2.599977e1
3.611923e1,9.122854e1,-3.782750e1
3.615259e1,8.977707e1,-3.301885e1
3.618594e1,8.902728e1,5.459730e1
3.621929e1,9.341689e1,1.197497e2
3.625264e1,9.701060e1,8.294588e1
3.628599e1,9.894662e1,5.026674e1
3.631934e1,1.003617e2,6.006616e1
3.635269e1,1.029510e2,7.327375e1
3.638604e1,1.052466e2,5.161029e1
3.641939e1,1.063917e2,1.802321e1
3.645275e1,1.064482e2,-1.802286e0
3.648610e1,1.062716e2,-2.559847e0
3.651945e1,1.062775e2,1.789527e0
3.655280e1,1.063909e2,9.092347e0
3.658615e1,1.068837e2,9.428923e0
3.661950e1,1.070195e2,-1.213307e0
3.665285e1,1.068028e2,-7.003899e0
3.668620e1,1.065525e2,-1.110168e1
3.671955e1,1.060627e2,-2.920262e1
3.675291e1,1.046057e2,-5.681411e1
3.678626e1,1.022751e2,-5.236483e1
3.681961e1,1.011147e2,-2.628226e1
3.685296e1,1.005229e2,-2.186129e1
3.688631e1,9.965729e1,-2.794649e1
3.691966e1,9.865982e1,-3.016504e1
3.695301e1,9.764628e1,-3.365934e1
3.698636e1,9.641586e1,-3.708010e1
3.701971e1,9.517428e1,-3.570011e1
3.705307e1,9.403586e1,-3.006023e1
3.708642e1,9.317026e1,-2.476865e1
3.711977e1,9.238461e1,-2.409998e1
3.715312e1,9.156360e1,-2.569360e1
3.718647e1,9.067171e1,3.480047e1
3.721982e1,9.388363e1,1.212475e2
3.725317e1,9.875487e1,9.703037e1
3.728652e1,1.003523e2,3.663391e1
3.731987e1,1.011971e2,6.827508e1
3.735322e1,1.049040e2,1.033651e2
3.738658e1,1.080881e2,6.780972e1
3.741993e1,1.094246e2,3.350832e1
3.745328e1,1.103220e2,1.056985e1
3.748663e1,1.101293e2,-1.072871e1
3.751998e1,1.096068e2,-8.650998e0
3.755333e1,1.095526e2,2.697001e0
3.758668e1,1.097866e2,1.100664e1
3.762003e1,1.102863e2,1.264597e1
3.765338e1,1.106296e2,4.439440e0
3.768674e1,1.105823e2,-9.557725e0
3.772009e1,1.099925e2,-3.021865e1
3.775344e1,1.085677e2,-5.322436e1
3.778679e1,1.064442e2,-6.839482e1
3.782014e1,1.040081e2,-5.985643e1
3.785349e1,1.024537e2,-2.755802e1
3.788684e1,1.021709e2,-1.591253e1
3.792019e1,1.013929e2,-3.252103e1
3.795354e1,1.000028e2,-3.488276e1
3.798690e1,9.906739e1,-2.972069e1
3.802025e1,9.802142e1,-2.660139e1
3.805360e1,9.729397e1,-1.265862e1
3.808695e1,9.717751e1,-7.777697e0
3.812030e1,9.677545e1,-1.801873e1
3.815365e1,9.597626e1,-2.092062e1
3.818700e1,9.538075e1,7.307155e0
3.822035e1,9.646341e1,8.154729e1
3.825370e1,1.008172e2,7.163087e1
3.828706e1,1.012388e2,2.627456e1
3.832041e1,1.025689e2,7.999290e1
3.835376e1,1.065717e2,1.186232e2
3.838711e1,1.104771e2,9.650338e1
3.842046e1,1.130052e2,4.766620e1
3.845381e1,1.136548e2,2.980156e0
3.848716e1,1.132039e2,-1.940281e1
3.852051e1,1.123613e2,-2.135650e1
3.855386e1,1.117801e2,-1.130774e1
3.858722e1,1.116075e2,2.275555e0
3.862057e1,1.119318e2,1.690408e1
3.865392e1,1.127344e2,2.294235e1
3.868727e1,1.134613e2,1.011431e1
3.872062e1,1.134255e2,-1.367149e1
3.875397e1,1.125271e2,-4.549522e1
3.878732e1,1.103925e2,-7.213438e1
3.882067e1,1.077181e2,-7.259456e1
3.885402e1,1.055529e2,-5.990599e1
3.888738e1,1.037244e2,-3.886322e1
3.892073e1,1.029620e2,-2.104842e1
3.895408e1,1.023212e2,-1.989284e1
3.898743e1,1.016358e2,-2.193569e1
3.902078e1,1.008588e2,-3.126798e1
3.905413e1,9.955129e1,-3.209866e1
3.908748e1,9.871889e1,-1.890684e1
3.912083e1,9.829083e1,-1.024693e1
3.915418e1,9.803576e1,-1.340849e1
3.918754e1,9.739693e1,-1.453292e1
3.922089e1,9.706690e1,6.723624e1
3.925424e1,1.018793e2,9.131083e1
3.928759e1,1.031543e2,2.277990e1
3.932094e1,1.033980e2,5.406433e1
3.935429e1,1.067586e2,1.225658e2
3.938764e1,1.115691e2,1.253631e2
3.942099e1,1.151161e2,6.679608e1
3.945434e1,1.160221e2,-1.744157e1
3.948769e1,1.139534e2,-5.103385e1
3.952105e1,1.126199e2,-2.870530e1
3.955440e1,1.120397e2,5.624512e0
3.958775e1,1.129948e2,2.703840e1
3.962110e1,1.138422e2,6.373515e0
3.965445e1,1.134197e2,-1.594754e1
3.968780e1,1.127791e2,-6.302208e0
3.972115e1,1.129996e2,3.012925e0
3.975450e1,1.129799e2,-2.400445e1
3.978785e1,1.113993e2,-4.698271e1
3.982121e1,1.098477e2,-3.389039e1
3.985456e1,1.091399e2,-2.199035e1
3.988791e1,1.083817e2,-2.046716e1
3.992126e1,1.077755e2,-1.892767e1
3.995461e1,1.071199e2,-2.363994e1
3.998796e1,1.061995e2,-3.361180e1
4.002131e1,1.048791e2,-3.454572e1
4.005466e1,1.038964e2,-2.671984e1
4.008801e1,1.030978e2,-2.054271e1
4.012137e1,1.025269e2,-1.480685e1
4.015472e1,1.021106e2,-1.340209e1
4.018807e1,1.016334e2,-1.367557e1
4.022142e1,1.011989e2,3.481088e1
4.025477e1,1.039542e2,8.476374e1
4.028812e1,1.068498e2,5.159236e1
4.032147e1,1.073936e2,3.226974e1
4.035482e1,1.090012e2,5.839914e1
4.038817e1,1.112869e2,7.934676e1
4.042153e1,1.142909e2,7.184262e1
4.045488e1,1.160764e2,2.818875e1
4.048823e1,1.161702e2,-5.290298e0
4.052158e1,1.157237e2,-6.106195e0
4.055493e1,1.157631e2,8.239981e-1
4.058828e1,1.157787e2,4.383772e0
4.062163e1,1.160554e2,8.402505e0
4.065498e1,1.163388e2,3.726875e0
4.068833e1,1.163038e2,-3.193601e0
4.072169e1,1.161259e2,-7.683026e0
4.075504e1,1.157916e2,-1.998855e1
4.078839e1,1.147934e2,-4.524793e1
4.082174e1,1.127751e2,-5.662784e1
4.085509e1,1.110182e2,-3.640924e1
4.088844e1,1.103478e2,-1.967604e1
4.092179e1,1.097064e2,-2.229646e1
4.095514e1,1.088614e2,-1.724763e1
4.098849e1,1.085566e2,-1.472054e1
4.102185e1,1.078800e2,-2.927249e1
4.105520e1,1.066051e2,-3.607826e1
4.108855e1,1.054748e2,-3.287631e1
4.112190e1,1.044133e2,-3.493497e1
4.115525e1,1.031458e2,-3.389741e1
4.118860e1,1.021535e2,-3.108711e1
4.122195e1,1.010733e2,-1.137791e1
4.125530e1,1.013950e2,8.532076e1
4.128865e1,1.067614e2,1.298485e2
4.132201e1,1.100516e2,5.853470e1
4.135536e1,1.106637e2,4.521565e1
4.138871e1,1.130659e2,8.676498e1
4.142206e1,1.164480e2,8.739069e1
4.145541e1,1.188920e2,4.497793e1
4.148876e1,1.194466e2,-3.253187e0
4.152211e1,1.186751e2,-2.182739e1
4.155546e1,1.179914e2,-6.539785e0
4.158881e1,1.182391e2,1.069650e1
4.162216e1,1.187045e2,1.745560e1
4.165552e1,1.194028e2,1.172934e1
4.168887e1,1.194864e2,-7.549606e0
4.172222e1,1.188995e2,-1.339315e1
4.175557e1,1.185936e2,-1.195409e1
4.178892e1,1.181026e2,-2.585375e1
4.182227e1,1.168269e2,-4.572741e1
4.185562e1,1.149779e2,-4.040630e1
4.188897e1,1.141331e2,-2.567264e1
4.192232e1,1.132664e2,-3.083429e1
4.195568e1,1.120775e2,-3.706008e1
4.198903e1,1.107957e2,-3.877784e1
4.202238e1,1.094923e2,-4.017532e1
4.205573e1,1.081173e2,-4.127855e1
4.208908e1,1.067404e2,-3.526604e1
4.212243e1,1.057663e2,-2.529320e1
4.215578e1,1.050542e2,-2.234615e1
4.218913e1,1.042765e2,-2.274144e1
4.222248e1,1.035381e2,-2.185884e1
4.225584e1,1.028193e2,5.043303e1
4.228919e1,1.069003e2,1.147085e2
4.232254e1,1.104665e2,7.716180e1
4.235589e1,1.120444e2,4.368606e1
4.238924e1,1.133789e2,6.610749e1
4.242259e1,1.164516e2,7.945859e1
4.245594e1,1.186761e2,5.365322e1
4.248929e1,1.200285e2,2.151131e1
4.252264e1,1.201102e2,-2.116145e0
4.255600e1,1.198874e2,-3.068206e0
4.258935e1,1.199057e2,1.292336e0
4.262270e1,1.199736e2,5.350535e0
4.265605e1,1.202624e2,7.439613e0
4.268940e1,1.204695e2,1.223059e0
4.272275e1,1.203439e2,-4.724981e0
4.275610e1,1.201545e2,-8.641051e0
4.278945e1,1.197679e2,-2.295511e1
4.282280e1,1.186242e2,-4.972783e1
4.285616e1,1.164527e2,-5.471370e1
4.288951e1,1.149766e2,-3.366967e1
4.292286e1,1.142080e2,-2.493531e1
4.295621e1,1.133143e2,-2.638430e1
4.298956e1,1.124491e2,-1.880719e1
4.302291e1,1.120605e2,-1.803750e1
4.305626e1,1.112466e2,-2.528837e1
4.308961e1,1.103746e2,-3.141859e1
4.312296e1,1.091520e2,-3.610296e1
4.315632e1,1.079677e2,-3.394183e1
4.318967e1,1.068892e2,-3.422987e1
4.322302e1,1.056857e2,-3.417493e1
4.325637e1,1.046109e2,1.178445e1
4.328972e1,1.064713e2,1.094106e2
4.332307e1,1.119049e2,1.108538e2
4.335642e1,1.138616e2,3.537998e1
4.338977e1,1.142636e2,5.862628e1
4.342312e1,1.177700e2,1.025955e2
4.345648e1,1.211033e2,6.047018e1
4.348983e1,1.218014e2,8.030608e0
4.352318e1,1.216387e2,9.275450e0
4.355653e1,1.224197e2,-5.923576e0
4.358988e1,1.212438e2,-6.024911e0
4.362323e1,1.220181e2,1.392430e1
4.365658e1,1.221720e2,-6.484278e0
4.368993e1,1.215858e2,-3.431603e0
4.372328e1,1.219433e2,7.289293e0
4.375663e1,1.220717e2,-4.207511e0
4.378999e1,1.216628e2,-1.834914e1
4.382334e1,1.208485e2,-2.697894e1
4.385669e1,1.198642e2,-3.155525e1
4.389004e1,1.187448e2,-2.942563e1
4.392339e1,1.179025e2,-2.666369e1
4.395674e1,1.169672e2,-3.475492e1
4.399009e1,1.155855e2,-4.040908e1
4.402344e1,1.142733e2,-3.461462e1
4.405679e1,1.132778e2,-2.664158e1
4.409015e1,1.124972e2,-2.368919e1
4.412350e1,1.116986e2,-2.671748e1
4.415685e1,1.107160e2,-2.715585e1
4.419020e1,1.098882e2,-2.501100e1
4.422355e1,1.090486e2,-2.631535e1
4.425690e1,1.081338e2,-1.337577e1
4.429025e1,1.081569e2,7.030578e1
4.432360e1,1.128209e2,1.228446e2
4.435695e1,1.163465e2,8.353802e1
4.439031e1,1.183901e2,5.448651e1
4.442366e1,1.199789e2,5.485309e1
4.445701e1,1.220469e2,5.646656e1
4.449036e1,1.237434e2,4.004180e1
4.452371e1,1.247164e2,1.777297e1
4.455706e1,1.249282e2,8.924788e0
4.459041e1,1.253114e2,1.623429e0
4.462376e1,1.250365e2,-3.645190e0
4.465711e1,1.250684e2,2.264798e0
4.469047e1,1.251875e2,3.609090e0
4.472382e1,1.253090e2,1.065965e0
4.475717e1,1.252585e2,-2.853275e0
4.479052e1,1.251187e2,-1.038850e1
4.482387e1,1.245660e2,-3.163481e1
4.485722e1,1.230098e2,-5.159984e1
4.489057e1,1.211260e2,-3.996359e1
4.492392e1,1.202789e2,-2.354893e1
4.495727e1,1.195168e2,-2.665764e1
4.499063e1,1.185017e2,-3.095428e1
4.502398e1,1.174532e2,-3.442772e1
4.505733e1,1.162066e2,-3.892311e1
4.509068e1,1.148583e2,-3.361849e1
4.512403e1,1.139653e2,-2.487609e1
4.515738e1,1.131999e2,-2.344178e1
4.519073e1,1.124025e2,-2.526141e1
4.522408e1,1.115158e2,-2.960270e1
4.525743e1,1.104290e2,-2.993968e1
4.529079e1,1.095198e2,4.144336e1
4.532414e1,1.131919e2,1.151494e2
4.535749e1,1.171964e2,8.379095e1
4.539084e1,1.187780e2,4.960291e1
4.542419e1,1.205033e2,7.208973e1
4.545754e1,1.235840e2,8.471646e1
4.549089e1,1.261511e2,5.679098e1
4.552424e1,1.273700e2,2.576648e1
4.555759e1,1.278688e2,-5.144404e0
4.559095e1,1.270271e2,-1.651726e1
4.562430e1,1.267677e2,-4.483607e-1
4.565765e1,1.269972e2,6.648011e0
4.569100e1,1.272109e2,9.286109e0
4.572435e1,1.276162e2,4.732600e0
4.575770e1,1.275264e2,-5.388385e0
4.579105e1,1.272570e2,-9.654208e0
4.582440e1,1.268828e2,-2.241224e1
4.585775e1,1.257629e2,-4.512779e1
4.589110e1,1.238743e2,-4.881228e1
4.592446e1,1.225087e2,-3.150304e1
4.595781e1,1.217741e2,-2.449071e1
4.599116e1,1.208760e2,-2.760234e1
4.602451e1,1.199339e2,-2.871067e1
4.605786e1,1.189620e2,-3.152249e1
4.609121e1,1.178324e2,-3.391534e1
4.612456e1,1.167009e2,-3.715792e1
4.615791e1,1.153552e2,-4.030828e1
4.619126e1,1.140137e2,-3.444180e1
4.622462e1,1.130591e2,-2.820815e1
4.625797e1,1.121332e2,-2.640332e1
4.629132e1,1.112989e2,1.413453e1
4.632467e1,1.130755e2,1.048121e2
4.635802e1,1.182863e2,1.253921e2
4.639137e1,1.214350e2,5.994331e1
4.642472e1,1.222826e2,5.055353e1
4.645807e1,1.248052e2,8.638142e1
4.649142e1,1.280413e2,7.523475e1
4.652478e1,1.298208e2,3.505087e1
4.655813e1,1.303780e2,1.195576e0
4.659148e1,1.299005e2,-2.174492e1
4.662483e1,1.289284e2,-1.153266e1
4.665818e1,1.291317e2,7.726086e0
4.669153e1,1.294435e2,1.035025e1
4.672488e1,1.298217e2,1.020251e1
4.675823e1,1.301236e2,-1.392210e0
4.679158e1,1.297289e2,-1.190039e1
4.682494e1,1.293303e2,-1.710750e1
4.685829e1,1.285884e2,-3.574953e1
4.689164e1,1.269470e2,-4.971814e1
4.692499e1,1.252739e2,-3.933176e1
4.695834e1,1.243248e2,-2.377908e1
4.699169e1,1.236886e2,-2.282416e1
4.702504e1,1.228032e2,-2.557678e1
4.705839e1,1.219835e2,-2.630176e1
4.709174e1,1.210498e2,-2.694240e1
4.712510e1,1.201873e2,-2.965482e1
4.715845e1,1.190728e2,-3.645765e1
4.719180e1,1.177568e2,-3.662078e1
4.722515e1,1.166314e2,-3.114240e1
4.725850e1,1.156806e2,-2.948103e1
4.729185e1,1.146660e2,-2.069134e1
4.732520e1,1.143012e2,6.961572e1
4.735855e1,1.193071e2,1.349701e2
4.739190e1,1.232992e2,7.336185e1
4.742526e1,1.241978e2,3.395172e1
4.745861e1,1.255627e2,7.304007e1
4.749196e1,1.290672e2,9.017560e1
4.752531e1,1.315744e2,5.390553e1
4.755866e1,1.326609e2,2.265115e1
4.759201e1,1.330845e2,2.327587e0
4.762536e1,1.328161e2,-1.196999e1
4.765871e1,1.322865e2,-6.345444e0
4.769206e1,1.323930e2,4.941360e0
4.772542e1,1.326159e2,7.169416e0
4.775877e1,1.328710e2,7.682802e0
4.779212e1,1.331281e2,3.878814e0
4.782547e1,1.331296e2,-1.098336e1
4.785882e1,1.323958e2,-3.816664e1
4.789217e1,1.305851e2,-6.206832e1
4.792552e1,1.282580e2,-6.388229e1
4.795887e1,1.263263e2,-3.906149e1
4.799222e1,1.256539e2,-1.757463e1
4.802557e1,1.251254e2,-1.400395e1
4.805893e1,1.246969e2,-1.851978e1
4.809228e1,1.238907e2,-2.840166e1
4.812563e1,1.228035e2,-3.835677e1
4.815898e1,1.213336e2,-4.618576e1
4.819233e1,1.197244e2,-4.222569e1
4.822568e1,1.185186e2,-2.882898e1
4.825903e1,1.178025e2,-2.013623e1
4.829238e1,1.171762e2,-2.081464e1
4.832573e1,1.164149e2,3.709071e1
4.835909e1,1.196489e2,1.180960e2
4.839244e1,1.242879e2,8.941171e1
4.842579e1,1.256096e2,3.403194e1
4.845914e1,1.265567e2,6.862503e1
4.849249e1,1.301846e2,1.043789e2
4.852584e1,1.335153e2,6.707001e1
4.855919e1,1.346560e2,8.069584e0
4.859254e1,1.340533e2,-6.537780e0
4.862589e1,1.342201e2,-2.273871e1
4.865925e1,1.325374e2,-1.736896e1
4.869260e1,1.330622e2,2.690614e1
4.872595e1,1.343311e2,5.054641e0
4.875930e1,1.333992e2,-1.515215e1
4.879265e1,1.333210e2,5.283220e0
4.882600e1,1.337514e2,2.134005e0
4.885935e1,1.334632e2,-2.418862e1
4.889270e1,1.321388e2,-3.086618e1
4.892605e1,1.314055e2,-2.407469e1
4.895941e1,1.305338e2,-2.767517e1
4.899276e1,1.295605e2,-3.190186e1
4.902611e1,1.284070e2,-3.137252e1
4.905946e1,1.274690e2,-2.429463e1
4.909281e1,1.267874e2,-2.956623e1
4.912616e1,1.254979e2,-3.711101e1
4.915951e1,1.243133e2,-3.425857e1
4.919286e1,1.232140e2,-3.462870e1
4.922621e1,1.220048e2,-3.220092e1
4.925957e1,1.210673e2,-2.746026e1
4.929292e1,1.201741e2,-2.728778e1
4.932627e1,1.192481e2,1.694833e0
4.935962e1,1.202871e2,9.033054e1
4.939297e1,1.252701e2,1.202933e2
4.942632e1,1.283066e2,7.192575e1
4.945967e1,1.300652e2,4.718670e1
4.949302e1,1.314524e2,5.069997e1
4.952637e1,1.334452e2,5.074562e1
4.955973e1,1.348354e2,3.219222e1
4.959308e1,1.355913e2,2.083957e1
4.962643e1,1.362247e2,9.228946e0
4.965978e1,1.362066e2,-3.578014e0
4.969313e1,1.359862e2,-4.157678e-1
4.972648e1,1.361789e2,3.388923e0
4.975983e1,1.362121e2,2.971017e-1
4.979318e1,1.361987e2,-2.663417e0
4.982653e1,1.360346e2,-4.135525e0
4.985989e1,1.359230e2,-1.212534e1
4.989324e1,1.352262e2,-3.702539e1
4.992659e1,1.334546e2,-5.035106e1
4.995994e1,1.318695e2,-3.336204e1
4.999329e1,1.312305e2,-2.217647e1
5.002664e1,1.303910e2,-2.512271e1
5.005999e1,1.295556e2,-2.508721e1
5.009334e1,1.287186e2,-3.133684e1
5.012669e1,1.274665e2,-3.969084e1
5.016004e1,1.260725e2,-3.911235e1
5.019340e1,1.248590e2,-3.351037e1
5.022675e1,1.238385e2,-2.956553e1
5.026010e1,1.228880e2,-2.697915e1
5.029345e1,1.220399e2,-2.687250e1
5.032680e1,1.210965e2,-2.439481e1
5.036015e1,1.204136e2,5.755277e1
5.039350e1,1.249333e2,1.284398e2
5.042685e1,1.289762e2,7.841695e1
5.046020e1,1.301611e2,4.414077e1
5.049356e1,1.319189e2,6.903306e1
5.052691e1,1.347633e2,7.767892e1
5.056026e1,1.370975e2,5.112058e1
5.059361e1,1.381714e2,6.269012e0
5.062696e1,1.375155e2,-1.481486e1
5.066031e1,1.371837e2,-1.027611e0
5.069366e1,1.374469e2,1.037654e1
5.072701e1,1.378755e2,1.041910e1
5.076036e1,1.381416e2,1.958303e0
5.079372e1,1.380060e2,-4.884227e0
5.082707e1,1.378159e2,-2.826461e0
5.086042e1,1.378176e2,-5.291621e0
5.089377e1,1.374632e2,-2.595796e1
5.092712e1,1.360871e2,-4.939907e1
5.096047e1,1.341699e2,-4.593196e1
5.099382e1,1.330249e2,-2.776028e1
5.102717e1,1.323192e2,-2.182777e1
5.106052e1,1.315697e2,-2.317768e1
5.109388e1,1.307740e2,-2.618657e1
5.112723e1,1.297803e2,-2.999501e1
5.116058e1,1.287244e2,-3.692543e1
5.119393e1,1.273186e2,-3.986364e1
5.122728e1,1.260668e2,-3.200626e1
5.126063e1,1.251849e2,-2.740886e1
5.129398e1,1.242395e2,-2.981827e1
5.132733e1,1.231970e2,-2.844379e1
5.136068e1,1.223433e2,2.842339e1
5.139404e1,1.250919e2,1.117649e2
5.142739e1,1.297943e2,1.071867e2
5.146074e1,1.322377e2,4.831465e1
5.149409e1,1.330153e2,5.030442e1
5.152744e1,1.355913e2,8.873983e1
5.156079e1,1.389312e2,7.080272e1
5.159414e1,1.403115e2,1.609401e1
5.162749e1,1.400042e2,-7.478275e-1
5.166084e1,1.402616e2,-9.291968e0
5.169420e1,1.393847e2,-1.533217e1
5.172755e1,1.392395e2,1.124534e1
5.176090e1,1.401344e2,1.580668e1
5.179425e1,1.402933e2,1.622762e0
5.182760e1,1.402426e2,-6.572563e0
5.186095e1,1.398551e2,-9.454356e0
5.189430e1,1.396123e2,-1.474419e1
5.192765e1,1.388721e2,-4.033897e1
5.196100e1,1.369230e2,-5.654549e1
5.199436e1,1.351024e2,-3.400931e1
5.202771e1,1.346557e2,-1.252852e1
5.206106e1,1.342672e2,-8.562998e0
5.209441e1,1.340849e2,-1.318559e1
5.212776e1,1.333882e2,-2.955583e1
5.216111e1,1.321145e2,-3.965227e1
5.219446e1,1.307447e2,-3.729748e1
5.222781e1,1.296280e2,-2.816593e1
5.226116e1,1.288670e2,-2.342565e1
5.229451e1,1.280663e2,-2.135704e1
5.232787e1,1.274431e2,-1.663855e1
5.236122e1,1.269570e2,3.930092e-1
5.239457e1,1.274693e2,7.336352e1
5.242792e1,1.318479e2,8.719165e1
5.246127e1,1.332821e2,3.003920e1
5.249462e1,1.338506e2,4.816583e1
5.252797e1,1.364932e2,9.639276e1
5.256132e1,1.402767e2,1.013068e2
5.259467e1,1.432470e2,5.473469e1
5.262803e1,1.439257e2,5.529038e0
5.266138e1,1.436156e2,-1.466724e1
5.269473e1,1.429479e2,-1.307969e1
5.272808e1,1.427436e2,-7.466435e0
5.276143e1,1.424501e2,6.808171e0
5.279478e1,1.431975e2,9.986647e0
5.282813e1,1.431159e2,-3.237237e0
5.286148e1,1.429817e2,-6.700557e0
5.289483e1,1.426692e2,-1.285523e1
5.292819e1,1.421246e2,-3.126966e1
5.296154e1,1.405846e2,-5.502369e1
5.299489e1,1.384564e2,-4.394350e1
5.302824e1,1.376550e2,-2.089900e1
5.306159e1,1.370631e2,-2.039353e1
5.309494e1,1.362954e2,-2.035825e1
5.312829e1,1.357059e2,-1.617650e1
5.316164e1,1.352170e2,-1.160367e1
5.319499e1,1.349323e2,-1.102974e1
5.322835e1,1.344817e2,-2.024544e1
5.326170e1,1.335826e2,-2.631386e1
5.329505e1,1.327274e2,-2.509417e1
5.332840e1,1.319097e2,-2.555455e1
5.336175e1,1.310238e2,-2.458100e1
5.339510e1,1.302710e2,3.672050e1
5.342845e1,1.334718e2,1.013139e2
5.346180e1,1.370252e2,5.407908e1
5.349515e1,1.370771e2,3.681129e1
5.352851e1,1.394793e2,9.786340e1
5.356186e1,1.436013e2,1.068534e2
5.359521e1,1.466029e2,5.106154e1
5.362856e1,1.470054e2,-1.117103e1
5.366191e1,1.458581e2,-2.862168e1
5.369526e1,1.450973e2,-9.383286e0
5.372861e1,1.452326e2,1.368446e1
5.376196e1,1.460096e2,1.697709e1
5.379531e1,1.463644e2,-1.348107e0
5.382867e1,1.459197e2,-7.753391e0
5.386202e1,1.458475e2,2.593283e0
5.389537e1,1.460926e2,-7.812203e-1
5.392872e1,1.457954e2,-2.820179e1
5.396207e1,1.442125e2,-4.861287e1
5.399542e1,1.425546e2,-3.295022e1
5.402877e1,1.420158e2,-1.853602e1
5.406212e1,1.413188e2,-1.848260e1
5.409547e1,1.407836e2,-1.556389e1
5.412883e1,1.402812e2,-2.513788e1
5.416218e1,1.391078e2,-2.443151e1
5.419553e1,1.386117e2,-1.295055e1
5.422888e1,1.382228e2,-6.533747e0
5.426223e1,1.381762e2,-6.101006e0
5.429558e1,1.378161e2,-1.321436e1
5.432893e1,1.372952e2,-1.161075e1
5.436228e1,1.370421e2,-7.995294e0
5.439563e1,1.367622e2,2.084972e1
5.442898e1,1.384320e2,5.949115e1
5.446234e1,1.407283e2,4.185967e1
5.449569e1,1.412227e2,3.381737e1
5.452904e1,1.429827e2,6.434351e1
5.456239e1,1.455122e2,9.364317e1
5.459574e1,1.492256e2,9.441344e1
5.462909e1,1.518065e2,4.907915e1
5.466244e1,1.524976e2,-6.576495e0
5.469579e1,1.513680e2,-3.715367e1
5.472914e1,1.500207e2,-1.264706e1
5.476250e1,1.505249e2,1.452605e1
5.479585e1,1.509891e2,1.434789e1
5.482920e1,1.514814e2,2.286841e0
5.486255e1,1.511415e2,-1.037798e1
5.489590e1,1.507896e2,-5.162189e0
5.492925e1,1.507974e2,-1.087973e1
5.496260e1,1.500642e2,-4.668477e1
5.499595e1,1.476851e2,-6.250865e1
5.502930e1,1.458970e2,-3.434302e1
5.506266e1,1.453955e2,-2.085155e1
5.509601e1,1.445069e2,-2.836416e1
5.512936e1,1.435046e2,-2.683123e1
5.516271e1,1.427182e2,-2.577219e1
5.519606e1,1.417864e2,-2.865715e1
5.522941e1,1.408077e2,-2.982796e1
5.526276e1,1.397979e2,-2.867550e1
5.529611e1,1.388960e2,-2.699421e1
5.532946e1,1.379983e2,-2.521492e1
5.536282e1,1.372150e2,-2.197303e1
5.539617e1,1.365334e2,-1.061104e1
5.542952e1,1.365076e2,6.150374e1
5.546287e1,1.406337e2,1.098223e2
5.549622e1,1.438291e2,5.697340e1
5.552957e1,1.444319e2,3.860503e1
5.556292e1,1.464027e2,8.811549e1
5.559627e1,1.503063e2,9.559491e1
5.562962e1,1.527757e2,4.976485e1
5.566298e1,1.536239e2,1.957978e0
5.569633e1,1.529063e2,-3.672512e1
5.572968e1,1.511756e2,-1.237689e1
5.576303e1,1.520811e2,2.573455e1
5.579638e1,1.528912e2,1.181120e1
5.582973e1,1.528685e2,-6.409502e0
5.586308e1,1.524639e2,-5.996479e0
5.589643e1,1.524688e2,4.323515e0
5.592978e1,1.527521e2,-5.076431e0
5.596314e1,1.521304e2,-4.089827e1
5.599649e1,1.500256e2,-5.188966e1
5.602984e1,1.486710e2,-3.122950e1
5.606319e1,1.479436e2,-3.049361e1
5.609654e1,1.466381e2,-3.399231e1
5.612989e1,1.456775e2,-2.374075e1
5.616324e1,1.450554e2,-1.995245e1
5.619659e1,1.443473e2,-1.541450e1
5.622994e1,1.440278e2,-1.604394e1
5.626330e1,1.432777e2,-2.956223e1
5.629665e1,1.420570e2,-3.695094e1
5.633000e1,1.408143e2,-3.360940e1
5.636335e1,1.398163e2,-2.893497e1
5.639670e1,1.388853e2,-2.284416e1
5.643005e1,1.382934e2,4.120923e1
5.646340e1,1.416326e2,1.175142e2
5.649675e1,1.461277e2,7.947651e1
5.653010e1,1.469310e2,3.397825e1
5.656345e1,1.483929e2,7.194519e1
5.659681e1,1.517274e2,8.373022e1
5.663016e1,1.539749e2,4.977722e1
5.666351e1,1.550459e2,1.838528e1
5.669686e1,1.552006e2,-1.657378e0
5.673021e1,1.549354e2,-3.676022e0
5.676356e1,1.549555e2,3.293788e0
5.679691e1,1.551550e2,9.838732e0
5.683026e1,1.556114e2,8.389973e0
5.686361e1,1.557143e2,-2.204541e-2
5.689697e1,1.556100e2,-1.010803e0
5.693032e1,1.556469e2,-1.988761e0
5.696367e1,1.554774e2,-2.163909e1
5.699702e1,1.542043e2,-6.072274e1
5.703037e1,1.514292e2,-7.432402e1
5.706372e1,1.492494e2,-3.882139e1
5.709707e1,1.488411e2,-2.023936e1
5.713042e1,1.479001e2,-2.144847e1
5.716377e1,1.474112e2,-1.022132e1
5.719713e1,1.472186e2,-9.774499e0
5.723048e1,1.467596e2,-8.179592e0
5.726383e1,1.466733e2,-1.490385e1
5.729718e1,1.457412e2,-3.566731e1
5.733053e1,1.442361e2,-4.208245e1
5.736388e1,1.429357e2,-3.283839e1
5.739723e1,1.420468e2,-2.493800e1
5.743058e1,1.412731e2,2.808582e0
5.746393e1,1.422341e2,9.186480e1
5.749729e1,1.473974e2,1.057898e2
5.753064e1,1.492867e2,3.566726e1
5.756399e1,1.497753e2,7.007430e1
5.759734e1,1.539584e2,1.291106e2
5.763069e1,1.583826e2,8.654091e1
5.766404e1,1.597278e2,5.529698e0
5.769739e1,1.587513e2,-1.769356e1
5.773074e1,1.585482e2,-9.118091e0
5.776409e1,1.581434e2,-2.039559e1
5.779745e1,1.571885e2,1.392445e1
5.783080e1,1.590717e2,1.728790e1
5.786415e1,1.583410e2,-1.733857e1
5.789750e1,1.579158e2,-8.746978e-1
5.793085e1,1.582827e2,5.409550e0
5.796420e1,1.582764e2,-1.511779e1
5.799755e1,1.572748e2,-2.836760e1
5.803090e1,1.563853e2,-3.308262e1
5.806425e1,1.550693e2,-3.386104e1
5.809761e1,1.541279e2,-2.210342e1
5.813096e1,1.535958e2,-1.909268e1
5.816431e1,1.528550e2,-2.264235e1
5.819766e1,1.520863e2,-2.348103e1
5.823101e1,1.512896e2,-2.662649e1
5.826436e1,1.503112e2,-3.027218e1
5.829771e1,1.492715e2,-3.036763e1
5.833106e1,1.482867e2,-2.673558e1
5.836441e1,1.474891e2,-2.334266e1
5.839777e1,1.467305e2,-2.416725e1
5.843112e1,1.458780e2,-1.782685e1
5.846447e1,1.455420e2,5.834791e1
5.849782e1,1.497678e2,1.114860e2
5.853117e1,1.529744e2,5.869526e1
5.856452e1,1.536808e2,3.750231e1
5.859787e1,1.554746e2,6.540590e1
5.863122e1,1.580412e2,5.927784e1
5.866457e1,1.594264e2,3.754809e1
5.869792e1,1.605444e2,3.341428e1
5.873128e1,1.616541e2,1.441100e1
5.876463e1,1.615052e2,-7.208533e-1
5.879798e1,1.616060e2,2.260940e0
5.883133e1,1.616559e2,2.156119e0
5.886468e1,1.617497e2,1.049965e0
5.889803e1,1.617259e2,-6.297955e-1
5.893138e1,1.617078e2,-7.765885e-1
5.896473e1,1.616741e2,-7.218547e0
5.899808e1,1.612265e2,-3.205867e1
5.903144e1,1.595369e2,-6.430021e1
5.906479e1,1.569398e2,-5.308273e1
5.909814e1,1.559980e2,-2.263245e1
5.913149e1,1.554310e2,-2.129325e1
5.916484e1,1.545785e2,-3.002311e1
5.919819e1,1.534295e2,-2.835018e1
5.923154e1,1.526885e2,-2.074291e1
5.926489e1,1.520466e2,-2.191837e1
5.929824e1,1.512272e2,-2.315705e1
5.933160e1,1.505028e2,-2.010934e1
5.936495e1,1.498866e2,-1.480193e1
5.939830e1,1.495160e2,-1.765661e1
5.943165e1,1.487095e2,-2.658693e1
5.946500e1,1.477436e2,0.000000e0
