t,x,vx
0.000000e0,4.491412e-1,0.000000e0
3.335087e-2,-5.517280e0,-8.915152e1
6.670173e-2,-5.494294e0,1.874573e0
1.000526e-1,-5.392309e0,4.146572e0
1.334035e-1,-5.217856e0,2.371109e0
1.667543e-1,-5.234235e0,-1.172333e0
2.001052e-1,-5.296011e0,-1.481646e0
2.334561e-1,-5.333011e0,-8.603451e0
2.668069e-1,-5.869574e0,-3.823317e1
3.001578e-1,-7.881889e0,-5.943517e1
3.335087e-1,-9.831919e0,-4.005536e1
3.668595e-1,-1.055225e1,-2.373265e1
4.002104e-1,-1.141410e1,-2.522862e1
4.335613e-1,-1.223415e1,-2.438214e1
4.669121e-1,-1.303957e1,-1.953250e1
5.002630e-1,-1.353632e1,-1.090497e1
5.336139e-1,-1.376657e1,-5.742871e0
5.669647e-1,-1.391918e1,-1.050284e0
6.003156e-1,-1.383659e1,-1.029075e1
6.336665e-1,-1.460523e1,-1.835707e1
6.670173e-1,-1.506039e1,-1.196709e1
7.003682e-1,-1.540304e1,-5.823215e0
7.337191e-1,-1.544861e1,3.443669e1
7.670700e-1,-1.310726e1,5.285386e1
8.004208e-1,-1.192502e1,1.687727e1
8.337717e-1,-1.198211e1,3.333763e1
8.671226e-1,-9.702507e0,8.009869e1
9.004734e-1,-6.642192e0,1.022044e2
9.338243e-1,-2.888879e0,9.262848e1
9.671752e-1,-4.669607e-1,3.981302e1
1.000526e0,-2.346778e-1,-1.358858e1
1.033877e0,-1.372866e0,-2.643462e1
1.067228e0,-1.996986e0,-2.645142e0
1.100579e0,-1.549209e0,1.374233e1
1.133929e0,-1.080831e0,1.313519e1
1.167280e0,-6.735295e-1,4.105394e0
1.200631e0,-8.071378e-1,-7.447979e0
1.233982e0,-1.170061e0,-8.065561e0
1.267333e0,-1.344842e0,-1.761539e1
1.300684e0,-2.344420e0,-5.865279e1
1.334035e0,-5.255028e0,-7.944523e1
1.367386e0,-7.640769e0,-4.369503e1
1.400736e0,-8.168030e0,-1.764484e1
1.434087e0,-8.817092e0,-1.732686e1
1.467438e0,-9.323154e0,-2.074413e1
1.500789e0,-1.020003e1,-2.273147e1
1.534140e0,-1.083859e1,-1.663636e1
1.567491e0,-1.133685e1,-1.736278e1
1.600842e0,-1.202504e1,-1.910760e1
1.634193e0,-1.261069e1,-2.128265e1
1.667543e0,-1.344389e1,-2.996440e1
1.700894e0,-1.460832e1,-3.955097e1
1.734245e0,-1.608062e1,-2.290598e1
1.767596e0,-1.613538e1,6.302229e1
1.800947e0,-1.187913e1,1.055949e2
1.834298e0,-9.095724e0,4.861812e1
1.867649e0,-8.637923e0,4.339932e1
1.900999e0,-6.202436e0,1.037358e2
1.934350e0,-1.722202e0,1.182025e2
1.967701e0,1.677728e0,5.829137e1
2.001052e0,2.163889e0,-2.008098e1
2.034403e0,3.389957e-1,-4.952671e1
2.067754e0,-1.137892e0,-1.782839e1
2.101105e0,-8.495637e-1,2.413841e1
2.134456e0,4.713357e-1,2.094370e1
2.167806e0,5.466828e-1,-1.045754e1
2.201157e0,-2.258338e-1,-9.960161e0
2.234508e0,-1.173280e-1,7.857908e0
2.267859e0,2.980267e-1,-6.969515e0
2.301210e0,-5.819623e-1,-4.316108e1
2.334561e0,-2.579379e0,-4.415285e1
2.367912e0,-3.525486e0,-2.687179e1
2.401262e0,-4.370832e0,-2.549772e1
2.434613e0,-5.225334e0,-2.616074e1
2.467964e0,-6.114881e0,-2.211560e1
2.501315e0,-6.699707e0,-1.670587e1
2.534666e0,-7.228605e0,-2.282714e1
2.568017e0,-8.221516e0,-3.197981e1
2.601368e0,-9.360593e0,-3.962577e1
2.634719e0,-1.086323e1,-4.198748e1
2.668069e0,-1.215976e1,-3.294030e1
2.701420e0,-1.305925e1,-2.214832e1
2.734771e0,-1.363631e1,-1.240423e1
2.768122e0,-1.388620e1,5.112624e1
2.801473e0,-1.022790e1,1.076716e2
2.834824e0,-6.708095e0,6.927364e1
2.868175e0,-5.609654e0,3.731763e1
2.901525e0,-4.220253e0,5.542544e1
2.934876e0,-1.914625e0,8.253360e1
2.968227e0,1.281987e0,8.269895e1
3.001578e0,3.598638e0,3.863376e1
3.034929e0,3.857571e0,-2.801138e0
3.068280e0,3.411896e0,-8.885878e0
3.101631e0,3.265180e0,-2.524933e0
3.134982e0,3.243567e0,6.553242e0
3.168332e0,3.702062e0,9.122237e0
3.201683e0,3.851716e0,7.152434e-1
3.235034e0,3.749745e0,-4.999100e0
3.268385e0,3.518443e0,-9.135684e0
3.301736e0,3.140700e0,-2.781552e1
3.335087e0,1.664075e0,-6.733264e1
3.368438e0,-1.348143e0,-6.933222e1
3.401788e0,-2.958074e0,-2.938539e1
3.435139e0,-3.307169e0,-1.639971e1
3.468490e0,-4.051388e0,-2.417704e1
3.501841e0,-4.918972e0,-1.631113e1
3.535192e0,-5.138796e0,-1.170172e1
3.568543e0,-5.699086e0,-2.067771e1
3.601894e0,-6.517310e0,-2.001819e1
3.635245e0,-7.033632e0,-1.589267e1
3.668595e0,-7.576821e0,-1.103105e1
3.701946e0,-7.769035e0,-1.304305e1
3.735297e0,-8.446358e0,-2.548632e1
3.768648e0,-9.468123e0,3.313298e-1
3.801999e0,-8.424270e0,7.642119e1
3.835350e0,-4.373378e0,7.689854e1
3.868701e0,-3.297700e0,3.357726e1
3.902051e0,-2.134894e0,7.466043e1
3.935402e0,1.679662e0,1.327737e2
3.968753e0,6.716689e0,1.136064e2
4.002104e0,9.253423e0,2.823825e1
4.035455e0,8.599239e0,-3.087345e1
4.068806e0,7.195192e0,-3.635049e1
4.102157e0,6.175873e0,-2.644759e1
4.135508e0,5.432020e0,1.925374e1
4.168858e0,7.459456e0,2.392303e1
4.202209e0,7.026889e0,-1.783615e1
4.235560e0,6.270379e0,-9.038518e0
4.268911e0,6.424321e0,7.472154e0
4.302262e0,6.768522e0,-1.288366e1
4.335613e0,5.565410e0,-4.541962e1
4.368964e0,3.740547e0,-3.992245e1
4.402315e0,2.903914e0,-2.294331e1
4.435665e0,2.210993e0,-1.786753e1
4.469016e0,1.712745e0,-1.860054e1
4.502367e0,9.709574e-1,-2.654269e1
4.535718e0,-5.676741e-2,-2.881513e1
4.569069e0,-9.500510e-1,-2.607449e1
4.602420e0,-1.795067e0,-3.053325e1
4.635771e0,-2.985601e0,-3.211763e1
4.669121e0,-3.989772e0,-2.749105e1
4.702472e0,-4.864156e0,-2.567348e1
4.735823e0,-5.701337e0,-2.657445e1
4.769174e0,-6.635786e0,-1.416297e1
4.802525e0,-6.645535e0,6.358348e1
4.835876e0,-2.396888e0,1.171847e2
4.869227e0,1.166781e0,6.523759e1
4.902578e0,1.952285e0,3.657750e1
4.935928e0,3.605281e0,8.213480e1
4.969279e0,7.427939e0,1.076900e2
5.002630e0,1.078462e1,6.779257e1
5.035981e0,1.194744e1,1.702658e1
5.069332e0,1.191972e1,-9.713693e0
5.102683e0,1.129986e1,-1.562942e1
5.136034e0,1.087776e1,-7.776588e0
5.169384e0,1.078142e1,2.402754e0
5.202735e0,1.103794e1,1.311058e1
5.236086e0,1.165546e1,1.137965e1
5.269437e0,1.179659e1,-2.125830e0
5.302788e0,1.151374e1,-1.785104e1
5.336139e0,1.060652e1,-4.377440e1
5.369490e0,8.595448e0,-6.858628e1
5.402841e0,6.034099e0,-6.853114e1
5.436191e0,4.026705e0,-3.836195e1
5.469542e0,3.476636e0,-1.822633e1
5.502893e0,2.811617e0,-2.016603e1
5.536244e0,2.132234e0,-1.509421e1
5.569595e0,1.805336e0,-1.972766e1
5.602946e0,8.170569e-1,-3.269107e1
5.636297e0,-3.740689e-1,-3.118300e1
5.669647e0,-1.261810e0,-2.526680e1
5.702998e0,-2.058522e0,-2.657475e1
5.736349e0,-3.033460e0,-3.021273e1
5.769700e0,-4.072704e0,-3.055542e1
5.803051e0,-5.070488e0,2.600040e1
5.836402e0,-2.339344e0,1.051228e2
5.869753e0,1.937698e0,7.250939e1
5.903104e0,2.494615e0,3.457079e1
5.936454e0,4.242418e0,8.831607e1
5.969805e0,8.382353e0,1.255712e2
6.003156e0,1.261383e1,8.961362e1
6.036507e0,1.435659e1,1.979865e1
6.069858e0,1.393374e1,-1.929021e1
6.103209e0,1.307058e1,-3.599583e1
6.136560e0,1.153402e1,-3.231075e1
6.169910e0,1.091653e1,1.265831e1
6.203261e0,1.237791e1,2.189770e1
6.236612e0,1.237638e1,-5.844284e0
6.269963e0,1.198829e1,-8.145430e0
6.303314e0,1.183335e1,-3.062909e0
6.336665e0,1.178409e1,-1.833864e1
6.370016e0,1.061077e1,-4.522218e1
6.403367e0,8.769281e0,-4.015055e1
6.436717e0,7.934069e0,-2.497292e1
6.470068e0,7.104420e0,-2.371639e1
6.503419e0,6.352977e0,-2.310530e1
6.536770e0,5.564066e0,-2.703678e1
6.570121e0,4.550525e0,-2.337627e1
6.603472e0,4.005648e0,-2.051635e1
6.636823e0,3.182768e0,-2.899948e1
6.670173e0,2.072350e0,-2.992228e1
6.703524e0,1.187950e0,-2.536477e1
6.736875e0,3.813654e-1,-2.585513e1
6.770226e0,-5.357255e-1,-2.657523e1
6.803577e0,-1.390317e0,-3.485314e-1
6.836928e0,-5.589609e-1,8.261429e1
6.870279e0,4.117303e0,1.105396e2
6.903630e0,6.810344e0,4.627462e1
6.936980e0,7.202277e0,4.547993e1
6.970331e0,9.842340e0,1.002205e2
7.003682e0,1.388365e1,1.026363e2
7.037033e0,1.668476e1,4.396935e1
7.070384e0,1.681494e1,-1.164252e1
7.103735e0,1.590859e1,-2.305185e1
7.137086e0,1.527815e1,-9.273241e0
7.170437e0,1.529038e1,1.487379e1
7.203787e0,1.626973e1,1.957417e1
7.237138e0,1.659532e1,1.202410e0
7.270489e0,1.634989e1,-1.110819e1
7.303840e0,1.585478e1,-8.184069e0
7.337191e0,1.580429e1,-1.175710e1
7.370542e0,1.507097e1,-4.697955e1
7.403893e0,1.267232e1,-6.433992e1
7.437243e0,1.078164e1,-3.620689e1
7.470594e0,1.025853e1,-2.038388e1
7.503945e0,9.422716e0,-2.708677e1
7.537296e0,8.452741e0,-2.586645e1
7.570647e0,7.698286e0,-2.188263e1
7.603998e0,6.993899e0,-1.993873e1
7.637349e0,6.369037e0,-1.779189e1
7.670700e0,5.807773e0,-1.924900e1
7.704050e0,5.085770e0,-2.900335e1
7.737401e0,3.874216e0,-3.245185e1
7.770752e0,2.868227e0,-2.918484e1
7.804103e0,1.879918e0,-2.583108e1
7.837454e0,1.146155e0,5.107147e1
7.870805e0,5.284683e0,1.126334e2
7.904156e0,8.655051e0,5.324600e1
7.937506e0,8.834416e0,3.955212e1
7.970857e0,1.129186e1,1.003262e2
8.004208e0,1.552283e1,1.091754e2
8.037559e0,1.857022e1,5.866550e1
8.070910e0,1.943386e1,4.301395e0
8.104261e0,1.885698e1,-6.080056e0
8.137612e0,1.902853e1,3.409936e0
8.170963e0,1.908431e1,4.039417e0
8.204313e0,1.929782e1,7.202722e0
8.237664e0,1.956449e1,5.502159e0
8.271015e0,1.966463e1,2.076956e0
8.304366e0,1.970295e1,-1.285624e0
8.337717e0,1.957892e1,-9.902394e0
8.371068e0,1.904279e1,-3.482517e1
8.404419e0,1.725724e1,-6.958997e1
8.437769e0,1.440346e1,-6.730046e1
8.471120e0,1.277055e1,-2.904100e1
8.504471e0,1.246740e1,-1.847065e1
8.537822e0,1.153917e1,-2.664305e1
8.571173e0,1.069119e1,-2.133483e1
8.604524e0,1.011685e1,-2.231497e1
8.637875e0,9.203528e0,-3.022892e1
8.671226e0,8.101587e0,-2.682166e1
8.704576e0,7.415417e0,-2.174879e1
8.737927e0,6.651667e0,-3.381374e1
8.771278e0,5.161168e0,-3.642648e1
8.804629e0,4.223235e0,-2.414457e1
8.837980e0,3.551530e0,3.047692e1
8.871331e0,6.255030e0,1.042397e2
8.904682e0,1.050084e1,7.228460e1
8.938032e0,1.107400e1,3.044578e1
8.971383e0,1.253056e1,9.044110e1
9.004734e0,1.710341e1,1.386673e2
9.038085e0,2.177505e1,1.012189e2
9.071436e0,2.385134e1,3.509649e1
9.104787e0,2.411481e1,-1.631303e1
9.138138e0,2.276380e1,-4.330846e1
9.171489e0,2.122758e1,-1.652118e1
9.204839e0,2.166239e1,1.610575e1
9.238190e0,2.230130e1,1.755861e1
9.271541e0,2.283296e1,9.526292e0
9.304892e0,2.293639e1,-7.724653e0
9.338243e0,2.231799e1,-1.369996e1
9.371594e0,2.202306e1,-2.108251e1
9.404945e0,2.091249e1,-5.362951e1
9.438295e0,1.844775e1,-6.712844e1
9.471646e0,1.643726e1,-3.801726e1
9.504997e0,1.591327e1,-1.991554e1
9.538348e0,1.510955e1,-2.064180e1
9.571699e0,1.453715e1,-2.583343e1
9.605050e0,1.338733e1,-3.330140e1
9.638401e0,1.231706e1,-2.732187e1
9.671752e0,1.156587e1,-2.291990e1
9.705102e0,1.078906e1,-2.077111e1
9.738453e0,1.018113e1,-1.889442e1
9.771804e0,9.529435e0,-1.965859e1
9.805155e0,8.870554e0,-2.070113e1
9.838506e0,8.149360e0,-2.739659e0
9.871857e0,8.687911e0,7.137155e1
9.905208e0,1.290746e1,9.587010e1
9.938559e0,1.507925e1,4.204104e1
9.971909e0,1.571020e1,4.479467e1
1.000526e1,1.806556e1,1.015972e2
1.003861e1,2.248334e1,1.155718e2
1.007196e1,2.577035e1,5.243427e1
1.010531e1,2.597896e1,-1.883317e1
1.013866e1,2.451481e1,-3.698384e1
1.017201e1,2.351337e1,-1.249819e1
1.020537e1,2.368159e1,2.157029e1
1.023872e1,2.495139e1,2.847581e1
1.027207e1,2.557998e1,1.469685e0
1.030542e1,2.504937e1,-1.430792e1
1.033877e1,2.462612e1,-5.677135e0
1.037212e1,2.467090e1,-5.080115e0
1.040547e1,2.428744e1,-3.997996e1
1.043882e1,2.200556e1,-6.377329e1
1.047217e1,2.003589e1,-3.833419e1
1.050552e1,1.944995e1,-2.034220e1
1.053887e1,1.867974e1,-2.132503e1
1.057222e1,1.802828e1,-2.113188e1
1.060558e1,1.727095e1,-2.465191e1
1.063893e1,1.638482e1,-2.466858e1
1.067228e1,1.562638e1,-2.415170e1
1.070563e1,1.477471e1,-2.813493e1
1.073898e1,1.375072e1,-2.721068e1
1.077233e1,1.296066e1,-2.001415e1
1.080568e1,1.241644e1,-2.029872e1
1.083903e1,1.160742e1,-1.900110e1
1.087238e1,1.111803e1,5.006868e1
1.090573e1,1.502878e1,1.049826e2
1.093908e1,1.811687e1,5.113012e1
1.097244e1,1.843745e1,4.126831e1
1.100579e1,2.086809e1,1.023802e2
1.103914e1,2.526280e1,1.280890e2
1.107249e1,2.940736e1,7.957823e1
1.110584e1,3.056801e1,4.852971e0
1.113919e1,2.973089e1,-2.914391e1
1.117254e1,2.862509e1,-4.731161e1
1.120589e1,2.657679e1,-5.757219e0
1.123924e1,2.824127e1,3.263295e1
1.127259e1,2.875232e1,-6.611771e0
1.130594e1,2.780049e1,-1.180794e1
1.133929e1,2.796512e1,9.459240e0
1.137265e1,2.843110e1,-3.988892e0
1.140600e1,2.769919e1,-3.300003e1
1.143935e1,2.623110e1,-3.985434e1
1.147270e1,2.504224e1,-3.042432e1
1.150605e1,2.420281e1,-2.399849e1
1.153940e1,2.344234e1,-2.110013e1
1.157275e1,2.279614e1,-1.752578e1
1.160610e1,2.227395e1,-1.378059e1
1.163945e1,2.187743e1,-1.968056e1
1.167280e1,2.096192e1,-3.661120e1
1.170615e1,1.943668e1,-4.234926e1
1.173951e1,1.813863e1,-3.882794e1
1.177286e1,1.684816e1,-3.448580e1
1.180621e1,1.583958e1,-2.909763e1
1.183956e1,1.490831e1,-2.569094e1
1.187291e1,1.412685e1,1.696790e1
1.190626e1,1.603951e1,9.892981e1
1.193961e1,2.072217e1,1.073304e2
1.197296e1,2.319487e1,5.319738e1
1.200631e1,2.426866e1,5.339171e1
1.203966e1,2.675432e1,9.410461e1
1.207301e1,3.054230e1,9.152689e1
1.210636e1,3.285611e1,3.985119e1
1.213972e1,3.319905e1,-5.103262e0
1.217307e1,3.251589e1,-1.777098e1
1.220642e1,3.201432e1,1.146816e0
1.223977e1,3.259235e1,1.606584e1
1.227312e1,3.308537e1,9.971477e0
1.230647e1,3.325711e1,-1.285440e0
1.233982e1,3.299968e1,-7.223436e0
1.237317e1,3.277555e1,-4.430665e0
1.240652e1,3.270430e1,-1.583653e1
1.243987e1,3.171978e1,-5.663021e1
1.247322e1,2.892895e1,-7.063914e1
1.250658e1,2.701050e1,-3.538706e1
1.253993e1,2.656981e1,-1.606206e1
1.257328e1,2.593970e1,-1.976039e1
1.260663e1,2.525245e1,-3.121553e1
1.263998e1,2.385866e1,-4.075524e1
1.267333e1,2.253544e1,-3.857236e1
1.270668e1,2.128717e1,-3.633181e1
1.274003e1,2.011332e1,-2.636061e1
1.277338e1,1.952980e1,-1.574581e1
1.280673e1,1.906360e1,-1.741703e1
1.284008e1,1.836866e1,-2.047392e1
1.287343e1,1.769867e1,-7.174717e0
1.290679e1,1.789035e1,6.777143e1
1.294014e1,2.221677e1,1.078202e2
1.297349e1,2.507837e1,5.674683e1
1.300684e1,2.599989e1,4.682249e1
1.304019e1,2.819987e1,1.027683e2
1.307354e1,3.285110e1,1.251757e2
1.310689e1,3.654491e1,6.446913e1
1.314024e1,3.714905e1,-7.473556e0
1.317359e1,3.604668e1,-3.526554e1
1.320694e1,3.479801e1,-2.023090e1
1.324029e1,3.469795e1,1.673891e1
1.327365e1,3.591394e1,2.860756e1
1.330700e1,3.660512e1,9.656594e0
1.334035e1,3.655771e1,-1.164096e1
1.337370e1,3.582906e1,-1.297636e1
1.340705e1,3.569262e1,-8.122549e0
1.344040e1,3.528755e1,-3.404732e1
1.347375e1,3.342280e1,-6.871307e1
1.350710e1,3.070668e1,-5.705224e1
1.354045e1,2.961932e1,-3.039353e1
1.357380e1,2.868045e1,-2.200194e1
1.360715e1,2.815252e1,-1.403236e1
1.364050e1,2.774496e1,-4.653011e0
1.367386e1,2.784232e1,-2.836804e0
1.370721e1,2.755584e1,-1.921290e1
1.374056e1,2.656146e1,-2.304850e1
1.377391e1,2.601927e1,-1.328265e1
1.380726e1,2.567595e1,-1.516734e1
1.384061e1,2.500811e1,-2.212524e1
1.387396e1,2.420093e1,-2.428779e1
1.390731e1,2.338893e1,2.928212e1
1.394066e1,2.615307e1,8.305119e1
1.397401e1,2.906409e1,5.150928e1
1.400736e1,2.967287e1,4.125912e1
1.404072e1,3.181470e1,1.002813e2
1.407407e1,3.635830e1,1.438012e2
1.410742e1,4.140145e1,1.062072e2
1.414077e1,4.343878e1,8.238770e0
1.417412e1,4.195070e1,-4.925786e1
1.420747e1,4.015492e1,-4.522266e1
1.424082e1,3.893585e1,-1.460663e1
1.427417e1,3.918114e1,2.732711e1
1.430752e1,4.075766e1,1.311339e1
1.434087e1,4.005537e1,-2.271256e1
1.437422e1,3.924349e1,-4.115981e0
1.440757e1,3.978097e1,8.896738e0
1.444093e1,3.983661e1,-2.494273e1
1.447428e1,3.811812e1,-4.166646e1
1.450763e1,3.705884e1,-2.896507e1
1.454098e1,3.618712e1,-2.796821e1
1.457433e1,3.519430e1,-2.735827e1
1.460768e1,3.436323e1,-2.023695e1
1.464103e1,3.384517e1,-1.158991e1
1.467438e1,3.359057e1,-1.036654e1
1.470773e1,3.315406e1,-2.153966e1
1.474108e1,3.215459e1,-2.729253e1
1.477443e1,3.133456e1,-1.792314e1
1.480779e1,3.095972e1,-1.221606e1
1.484114e1,3.052016e1,-1.215176e1
1.487449e1,3.014960e1,-7.228302e0
1.490784e1,3.003827e1,2.030414e1
1.494119e1,3.150321e1,6.608334e1
1.497454e1,3.444383e1,5.165857e1
1.500789e1,3.494712e1,2.775023e1
1.504124e1,3.629384e1,6.419088e1
1.507459e1,3.922651e1,1.074692e2
1.510794e1,4.345845e1,9.893163e1
1.514129e1,4.582195e1,3.870994e1
1.517464e1,4.603912e1,-8.569225e-1
1.520800e1,4.576482e1,-9.608922e0
1.524135e1,4.539852e1,-3.486499e0
1.527470e1,4.553239e1,8.623769e0
1.530805e1,4.597344e1,1.130156e1
1.534140e1,4.628582e1,3.963143e0
1.537475e1,4.623765e1,-5.261871e0
1.540810e1,4.593503e1,-7.810046e0
1.544145e1,4.571698e1,-1.705158e1
1.547480e1,4.479826e1,-4.699972e1
1.550815e1,4.258366e1,-7.833570e1
1.554150e1,3.957588e1,-6.315780e1
1.557486e1,3.837314e1,-2.680555e1
1.560821e1,3.778884e1,-1.675933e1
1.564156e1,3.725586e1,-1.486514e1
1.567491e1,3.679783e1,-1.509394e1
1.570826e1,3.624959e1,-1.433547e1
1.574161e1,3.584214e1,-1.519763e1
1.577496e1,3.523642e1,-2.163312e1
1.580831e1,3.439993e1,-2.440303e1
1.584166e1,3.360955e1,-2.715505e1
1.587501e1,3.258959e1,-3.276702e1
1.590836e1,3.142508e1,-2.095716e1
1.594171e1,3.119245e1,5.690859e1
1.597507e1,3.521899e1,1.053392e2
1.600842e1,3.821506e1,5.801838e1
1.604177e1,3.908688e1,4.373022e1
1.607512e1,4.113041e1,1.024982e2
1.610847e1,4.592009e1,1.292134e2
1.614182e1,4.974464e1,5.704467e1
1.617517e1,4.972307e1,-2.221058e1
1.620852e1,4.826393e1,-4.422701e1
1.624187e1,4.677460e1,-2.362803e1
1.627522e1,4.668873e1,2.705846e1
1.630857e1,4.857850e1,1.857548e1
1.634193e1,4.792709e1,-2.237257e1
1.637528e1,4.708700e1,-1.309542e0
1.640863e1,4.783979e1,1.459336e1
1.644198e1,4.805989e1,-1.272105e1
1.647533e1,4.699172e1,-3.220674e1
1.650868e1,4.591277e1,-3.102393e1
1.654203e1,4.492346e1,-2.646236e1
1.657538e1,4.414861e1,-2.039247e1
1.660873e1,4.356396e1,-2.067275e1
1.664208e1,4.277043e1,-3.255388e1
1.667543e1,4.139370e1,-3.874855e1
1.670878e1,4.018719e1,-3.455636e1
1.674214e1,3.908995e1,-3.172134e1
1.677549e1,3.807244e1,-3.185558e1
1.680884e1,3.696624e1,-3.075660e1
1.684219e1,3.602200e1,-2.782756e1
1.687554e1,3.511107e1,-2.891539e1
1.690889e1,3.409431e1,-2.811737e1
1.694224e1,3.323658e1,2.810173e1
1.697559e1,3.596775e1,1.099271e2
1.700894e1,4.056505e1,9.604342e1
1.704229e1,4.253072e1,4.092405e1
1.707564e1,4.336153e1,5.327052e1
1.710900e1,4.608209e1,9.575616e1
1.714235e1,4.974527e1,8.233662e1
1.717570e1,5.157120e1,2.798510e1
1.720905e1,5.161094e1,-1.150222e1
1.724240e1,5.080438e1,-2.167460e1
1.727575e1,5.016597e1,6.213493e0
1.730910e1,5.121862e1,2.366158e1
1.734245e1,5.174341e1,7.455305e0
1.737580e1,5.171564e1,-8.667181e0
1.740915e1,5.116560e1,-8.162489e0
1.744250e1,5.117147e1,2.033072e-1
1.747585e1,5.117915e1,-2.066191e1
1.750921e1,4.979401e1,-5.789159e1
1.754256e1,4.731971e1,-4.739944e1
1.757591e1,4.663405e1,-1.949470e1
1.760926e1,4.602006e1,-2.465917e1
1.764261e1,4.499010e1,-2.890539e1
1.767596e1,4.409304e1,-2.346025e1
1.770931e1,4.342609e1,-1.720767e1
1.774266e1,4.294586e1,-1.745598e1
1.777601e1,4.226235e1,-1.964748e1
1.780936e1,4.163603e1,-1.910901e1
1.784271e1,4.098842e1,-1.774140e1
1.787606e1,4.045327e1,-1.816040e1
1.790942e1,3.977773e1,-1.954249e1
1.794277e1,3.915044e1,5.623224e-1
1.797612e1,3.981522e1,7.775398e1
1.800947e1,4.433403e1,9.376833e1
1.804282e1,4.606644e1,3.771789e1
1.807617e1,4.684856e1,5.200032e1
1.810952e1,4.953313e1,1.059647e2
1.814287e1,5.391287e1,1.196795e2
1.817622e1,5.751176e1,6.581289e1
1.820957e1,5.830040e1,-7.583315e0
1.824292e1,5.700620e1,-4.215109e1
1.827628e1,5.549032e1,-3.554948e1
1.830963e1,5.463624e1,4.225573e0
1.834298e1,5.577203e1,2.727997e1
1.837633e1,5.645490e1,1.415772e1
1.840968e1,5.671588e1,-2.895011e0
1.844303e1,5.626190e1,-1.623439e1
1.847638e1,5.563358e1,-1.843818e1
1.850973e1,5.503269e1,-3.371261e1
1.854308e1,5.338608e1,-5.642081e1
1.857643e1,5.127130e1,-4.395896e1
1.860978e1,5.045548e1,-1.912647e1
1.864313e1,4.999620e1,-1.519758e1
1.867649e1,4.944231e1,-2.114855e1
1.870984e1,4.858630e1,-2.799962e1
1.874319e1,4.757567e1,-3.161839e1
1.877654e1,4.647841e1,-3.230374e1
1.880989e1,4.542208e1,-2.560867e1
1.884324e1,4.477116e1,-1.590465e1
1.887659e1,4.436177e1,-1.524731e1
1.890994e1,4.375468e1,-2.855493e1
1.894329e1,4.245811e1,-3.497383e1
1.897664e1,4.142309e1,3.131967e1
1.900999e1,4.454609e1,1.057203e2
1.904335e1,4.847111e1,7.576672e1
1.907670e1,4.959720e1,4.081845e1
1.911005e1,5.119234e1,8.532341e1
1.914340e1,5.528543e1,1.176638e2
1.917675e1,5.903659e1,7.810188e1
1.921010e1,6.049222e1,1.200060e1
1.924345e1,5.983663e1,-2.405132e1
1.927680e1,5.888880e1,-2.579638e1
1.931015e1,5.811687e1,-5.745901e0
1.934350e1,5.850574e1,2.145152e1
1.937685e1,5.954697e1,1.863006e1
1.941020e1,5.974775e1,-3.281847e0
1.944356e1,5.932818e1,-1.227022e1
1.947691e1,5.892973e1,-1.033398e1
1.951026e1,5.863925e1,-2.515265e1
1.954361e1,5.725289e1,-5.767358e1
1.957696e1,5.479434e1,-5.225123e1
1.961031e1,5.376947e1,-2.377483e1
1.964366e1,5.320935e1,-1.982233e1
1.967701e1,5.244798e1,-1.954733e1
1.971036e1,5.190620e1,-2.180143e1
1.974371e1,5.099456e1,-2.504163e1
1.977706e1,5.023676e1,-2.208657e1
1.981042e1,4.952212e1,-2.163015e1
1.984377e1,4.879475e1,-1.935481e1
1.987712e1,4.823180e1,-1.662909e1
1.991047e1,4.768614e1,-2.165161e1
1.994382e1,4.678836e1,-2.720583e1
1.997717e1,4.587242e1,1.447064e1
2.001052e1,4.775307e1,9.385120e1
2.004387e1,5.212916e1,8.266638e1
2.007722e1,5.326416e1,3.500811e1
2.011057e1,5.446304e1,6.334276e1
2.014392e1,5.759258e1,1.129957e2
2.017727e1,6.218441e1,1.026221e2
2.021063e1,6.443405e1,2.502595e1
2.024398e1,6.385281e1,-2.089365e1
2.027733e1,6.304114e1,-2.595793e1
2.031068e1,6.212228e1,-2.847050e1
2.034403e1,6.114311e1,6.188481e0
2.037738e1,6.253484e1,2.760783e1
2.041073e1,6.298363e1,-6.010390e0
2.044408e1,6.213415e1,-1.432998e1
2.047743e1,6.202830e1,-8.188874e-1
2.051078e1,6.207956e1,-1.345501e1
2.054413e1,6.113130e1,-4.685513e1
2.057749e1,5.895588e1,-4.771117e1
2.061084e1,5.795055e1,-2.816589e1
2.064419e1,5.707816e1,-2.539641e1
2.067754e1,5.625746e1,-2.908835e1
2.071089e1,5.513893e1,-2.924712e1
2.074424e1,5.430765e1,-1.562513e1
2.077759e1,5.409726e1,-2.873795e0
2.081094e1,5.411606e1,-2.948250e0
2.084429e1,5.390071e1,-1.437581e1
2.087764e1,5.315768e1,-2.286246e1
2.091099e1,5.237654e1,-2.153686e1
2.094434e1,5.172188e1,-1.731933e1
2.097770e1,5.122192e1,8.629384e-1
2.101105e1,5.177941e1,5.581689e1
2.104440e1,5.494305e1,6.651261e1
2.107775e1,5.621359e1,3.445117e1
2.111110e1,5.723979e1,4.562130e1
2.114445e1,5.925501e1,7.791374e1
2.117780e1,6.243404e1,8.972095e1
2.121115e1,6.523640e1,5.476257e1
2.124450e1,6.608488e1,1.300185e1
2.127785e1,6.610319e1,-3.490482e0
2.131120e1,6.585218e1,-3.408966e0
2.134456e1,6.587593e1,4.431335e0
2.137791e1,6.614760e1,7.829200e0
2.141126e1,6.639788e1,8.341921e0
2.144461e1,6.670373e1,4.802820e0
2.147796e1,6.671806e1,-3.388031e0
2.151131e1,6.647786e1,-1.458302e1
2.154466e1,6.574586e1,-4.046694e1
2.157801e1,6.378007e1,-7.109323e1
2.161136e1,6.100631e1,-5.829663e1
2.164471e1,5.989363e1,-2.676252e1
2.167806e1,5.922215e1,-1.873243e1
2.171141e1,5.864480e1,-1.562862e1
2.174477e1,5.818024e1,-1.383463e1
2.177812e1,5.772249e1,-1.800619e1
2.181147e1,5.697983e1,-1.836672e1
2.184482e1,5.649804e1,-1.685353e1
2.187817e1,5.585626e1,-1.818507e1
2.191152e1,5.528570e1,-1.563208e1
2.194487e1,5.481412e1,-1.654556e1
2.197822e1,5.418266e1,-1.502686e1
2.201157e1,5.381233e1,3.988416e1
2.204492e1,5.684161e1,8.414119e1
2.207827e1,5.942174e1,4.606085e1
2.211163e1,5.991233e1,4.261955e1
2.214498e1,6.226304e1,1.068382e2
2.217833e1,6.703488e1,1.347695e2
2.221168e1,7.124768e1,7.837954e1
2.224503e1,7.226018e1,-1.109063e1
2.227838e1,7.050830e1,-4.058640e1
2.231173e1,6.955442e1,-3.313675e1
2.234508e1,6.829919e1,-4.998689e0
2.237843e1,6.922118e1,3.384369e1
2.241178e1,7.055543e1,1.227587e1
2.244513e1,7.003957e1,-1.952917e1
2.247848e1,6.925349e1,-1.039496e1
2.251184e1,6.934657e1,2.294354e0
2.254519e1,6.940644e1,-2.114022e1
2.257854e1,6.793722e1,-4.311393e1
2.261189e1,6.653218e1,-3.130233e1
2.264524e1,6.585040e1,-2.219838e1
2.267859e1,6.505229e1,-2.165969e1
2.271194e1,6.440642e1,-1.866994e1
2.274529e1,6.380763e1,-2.350116e1
2.277864e1,6.283968e1,-3.071907e1
2.281199e1,6.175969e1,-3.326369e1
2.284534e1,6.062210e1,-3.237088e1
2.287870e1,5.960163e1,-3.291645e1
2.291205e1,5.842767e1,-3.808740e1
2.294540e1,5.706247e1,-3.501464e1
2.297875e1,5.609336e1,-2.932418e1
2.301210e1,5.510753e1,1.099834e1
2.304545e1,5.682658e1,9.920044e1
2.307880e1,6.172089e1,1.216654e2
2.311215e1,6.493761e1,5.716011e1
2.314550e1,6.553156e1,4.047761e1
2.317885e1,6.763612e1,8.496559e1
2.321220e1,7.119594e1,8.488257e1
2.324555e1,7.343643e1,3.584366e1
2.327891e1,7.364525e1,-4.763381e0
2.331226e1,7.311887e1,-1.970913e1
2.334561e1,7.233131e1,-4.981187e0
2.337896e1,7.278679e1,1.582327e1
2.341231e1,7.338619e1,1.587778e1
2.344566e1,7.384531e1,2.806872e0
2.347901e1,7.357332e1,-1.011159e1
2.351236e1,7.317120e1,-7.572348e0
2.354571e1,7.306850e1,-1.471153e1
2.357906e1,7.219043e1,-4.964313e1
2.361241e1,6.975895e1,-5.652541e1
2.364577e1,6.842207e1,-2.682597e1
2.367912e1,6.797056e1,-1.840805e1
2.371247e1,6.719487e1,-2.486233e1
2.374582e1,6.631307e1,-2.819915e1
2.377917e1,6.531492e1,-2.859932e1
2.381252e1,6.440645e1,-2.505303e1
2.384587e1,6.364472e1,-2.484784e1
2.387922e1,6.274992e1,-2.863208e1
2.391257e1,6.173592e1,-2.955869e1
2.394592e1,6.077934e1,-2.972747e1
2.397927e1,5.975408e1,-3.035177e1
2.401262e1,5.875589e1,-1.455575e1
2.404598e1,5.878370e1,6.800924e1
2.407933e1,6.328984e1,1.271326e2
2.411268e1,6.725921e1,6.006970e1
2.414603e1,6.729449e1,2.648247e1
2.417938e1,6.902470e1,8.249427e1
2.421273e1,7.279411e1,1.106280e2
2.424608e1,7.639990e1,7.416825e1
2.427943e1,7.773866e1,1.296760e1
2.431278e1,7.726441e1,-1.995288e1
2.434613e1,7.640847e1,-1.880852e1
2.437948e1,7.601051e1,-1.603542e0
2.441283e1,7.630156e1,1.059679e1
2.444619e1,7.671696e1,1.434389e1
2.447954e1,7.725782e1,1.120879e1
2.451289e1,7.746421e1,-1.141945e0
2.454624e1,7.718169e1,-1.922091e1
2.457959e1,7.618282e1,-4.179609e1
2.461294e1,7.439529e1,-6.293053e1
2.464629e1,7.198745e1,-6.412419e1
2.467964e1,7.012034e1,-3.856736e1
2.471299e1,6.941629e1,-2.013154e1
2.474634e1,6.877824e1,-2.217288e1
2.477969e1,6.793810e1,-2.546800e1
2.481305e1,6.708037e1,-2.714235e1
2.484640e1,6.612861e1,-3.128102e1
2.487975e1,6.499497e1,-2.604652e1
2.491310e1,6.439218e1,-1.373599e1
2.494645e1,6.407924e1,-2.120335e1
2.497980e1,6.297862e1,-2.881560e1
2.501315e1,6.215820e1,-2.029488e1
2.504650e1,6.162563e1,3.148305e1
2.507985e1,6.425707e1,1.007866e2
2.511320e1,6.834474e1,6.105089e1
2.514655e1,6.832713e1,2.349965e1
2.517990e1,6.991138e1,9.683895e1
2.521326e1,7.478306e1,1.324585e2
2.524661e1,7.874194e1,7.774907e1
2.527996e1,7.996633e1,2.391281e1
2.531331e1,8.033613e1,-2.751704e1
2.534666e1,7.813186e1,-5.373917e1
2.538001e1,7.675352e1,6.468170e0
2.541336e1,7.856307e1,3.385547e1
2.544671e1,7.901055e1,5.823427e0
2.548006e1,7.895130e1,-1.213720e1
2.551341e1,7.820141e1,-1.019247e1
2.554676e1,7.827180e1,1.915912e0
2.558012e1,7.832913e1,-2.009273e1
2.561347e1,7.693228e1,-5.124547e1
2.564682e1,7.491277e1,-4.119165e1
2.568017e1,7.418617e1,-2.104607e1
2.571352e1,7.350970e1,-1.933292e1
2.574687e1,7.289731e1,-1.748990e1
2.578022e1,7.234370e1,-2.393346e1
2.581357e1,7.130175e1,-3.792338e1
2.584692e1,6.981548e1,-4.205578e1
2.588027e1,6.849803e1,-3.327457e1
2.591362e1,6.759717e1,-2.950012e1
2.594697e1,6.653136e1,-2.746094e1
2.598033e1,6.576644e1,-2.182093e1
2.601368e1,6.507663e1,-2.250085e1
2.604703e1,6.426639e1,5.736821e0
2.608038e1,6.545908e1,8.654023e1
2.611373e1,7.003574e1,1.085986e2
2.614708e1,7.269899e1,4.573792e1
2.618043e1,7.308493e1,4.089504e1
2.621378e1,7.542532e1,1.051457e2
2.624713e1,8.009464e1,1.136808e2
2.628048e1,8.300404e1,4.582166e1
2.631383e1,8.322579e1,-7.497034e0
2.634719e1,8.249175e1,-3.148855e1
2.638054e1,8.112655e1,-2.942135e1
2.641389e1,8.053032e1,1.958465e1
2.644724e1,8.243220e1,2.528285e1
2.648059e1,8.221585e1,-1.718970e1
2.651394e1,8.128622e1,-8.597584e0
2.654729e1,8.164267e1,1.121100e1
2.658064e1,8.203362e1,-1.147211e1
2.661399e1,8.087787e1,-4.550914e1
2.664734e1,7.899967e1,-3.795296e1
2.668069e1,7.834767e1,-2.367630e1
2.671404e1,7.742125e1,-2.398541e1
2.674740e1,7.674864e1,-1.651157e1
2.678075e1,7.632048e1,-1.356994e1
2.681410e1,7.584398e1,-2.305418e1
2.684745e1,7.478354e1,-3.130310e1
2.688080e1,7.375711e1,-2.970041e1
2.691415e1,7.280351e1,-2.877974e1
2.694750e1,7.183846e1,-2.979435e1
2.698085e1,7.081722e1,-2.809402e1
2.701420e1,6.996552e1,-2.586417e1
2.704755e1,6.909294e1,-1.759161e1
2.708090e1,6.879275e1,5.678918e1
2.711426e1,7.287889e1,1.244612e2
2.714761e1,7.709016e1,7.752599e1
2.718096e1,7.804728e1,3.962960e1
2.721431e1,7.973214e1,8.159420e1
2.724766e1,8.348690e1,1.065856e2
2.728101e1,8.683784e1,6.428626e1
2.731436e1,8.777265e1,7.347047e0
2.734771e1,8.732764e1,-1.793844e1
2.738106e1,8.657675e1,-1.114967e1
2.741441e1,8.658433e1,9.641745e0
2.744776e1,8.721954e1,1.692240e1
2.748111e1,8.771249e1,8.842869e0
2.751447e1,8.780906e1,-2.284516e0
2.754782e1,8.756019e1,-8.268553e0
2.758117e1,8.725782e1,-1.088161e1
2.761452e1,8.683475e1,-2.807706e1
2.764787e1,8.538602e1,-6.365985e1
2.768122e1,8.259076e1,-7.154944e1
2.771457e1,8.061606e1,-3.588643e1
2.774792e1,8.019833e1,-1.482122e1
2.778127e1,7.962798e1,-1.732932e1
2.781462e1,7.904304e1,-1.728564e1
2.784797e1,7.847560e1,-1.739540e1
2.788133e1,7.788335e1,-1.746244e1
2.791468e1,7.731144e1,-1.873103e1
2.794803e1,7.663462e1,-1.580026e1
2.798138e1,7.625809e1,-8.508209e0
2.801473e1,7.606740e1,-8.383358e0
2.804808e1,7.569920e1,-1.080200e1
2.808143e1,7.534727e1,2.244324e1
2.811478e1,7.719541e1,6.748241e1
2.814813e1,7.984610e1,4.573551e1
2.818148e1,8.024445e1,3.544661e1
2.821483e1,8.220920e1,7.819011e1
2.824818e1,8.545712e1,1.095682e2
2.828154e1,8.951375e1,1.000007e2
2.831489e1,9.212384e1,3.296005e1
2.834824e1,9.171109e1,-2.949460e1
2.838159e1,9.015753e1,-2.831621e1
2.841494e1,8.982334e1,-1.123158e1
2.844829e1,8.940876e1,1.388076e0
2.848164e1,8.991588e1,2.106931e1
2.851499e1,9.081338e1,6.893001e0
2.854834e1,9.037541e1,-1.316269e1
2.858169e1,8.993586e1,-9.972634e0
2.861504e1,8.971057e1,-1.734707e1
2.864840e1,8.877939e1,-4.655471e1
2.868175e1,8.660692e1,-5.177082e1
2.871510e1,8.532801e1,-2.885901e1
2.874845e1,8.468299e1,-1.939989e1
2.878180e1,8.403468e1,-1.926514e1
2.881515e1,8.339865e1,-1.645274e1
2.884850e1,8.293783e1,-1.502825e1
2.888185e1,8.239676e1,-1.121192e1
2.891520e1,8.219037e1,-9.764139e-1
2.894855e1,8.233167e1,-2.421430e0
2.898190e1,8.202894e1,-2.012618e1
2.901525e1,8.098992e1,-2.995642e1
2.904861e1,8.003185e1,-2.519103e1
2.908196e1,7.931052e1,-4.576355e0
2.911531e1,7.972675e1,7.060606e1
2.914866e1,8.401759e1,8.328042e1
2.918201e1,8.527878e1,2.690390e1
2.921536e1,8.581118e1,6.047291e1
2.924871e1,8.931031e1,1.296164e2
2.928206e1,9.445228e1,1.263455e2
2.931541e1,9.773335e1,4.415822e1
2.934876e1,9.739616e1,-4.571059e1
2.938211e1,9.468597e1,-5.270791e1
2.941547e1,9.379445e1,-1.051246e1
2.944882e1,9.396762e1,2.376364e1
2.948217e1,9.537870e1,3.164571e1
2.951552e1,9.607734e1,-3.730629e-1
2.954887e1,9.535383e1,-1.806431e1
2.958222e1,9.487305e1,-4.027955e0
2.961557e1,9.508530e1,-4.870068e0
2.964892e1,9.454838e1,-4.002870e1
2.968227e1,9.241672e1,-4.642403e1
2.971562e1,9.145344e1,-1.908916e1
2.974897e1,9.114411e1,-1.467046e1
2.978232e1,9.047541e1,-2.445750e1
2.981568e1,8.951361e1,-2.553443e1
2.984903e1,8.877312e1,-1.336094e1
2.988238e1,8.862288e1,-7.894096e-1
2.991573e1,8.872049e1,-7.080897e0
2.994908e1,8.815082e1,-2.726548e1
2.998243e1,8.690279e1,-3.169672e1
3.001578e1,8.603770e1,-1.749895e1
3.004913e1,8.573619e1,-1.025587e1
3.008248e1,8.535398e1,-7.957250e0
3.011583e1,8.520571e1,4.769738e1
3.014918e1,8.853380e1,7.165130e1
3.018254e1,8.998246e1,2.909825e1
3.021589e1,9.047369e1,4.001233e1
3.024924e1,9.264995e1,9.183900e1
3.028259e1,9.659629e1,1.205577e2
3.031594e1,1.006871e2,9.964710e1
3.034929e1,1.032394e2,3.119112e1
3.038264e1,1.027665e2,-4.633818e1
3.041599e1,1.001502e2,-6.236164e1
3.044934e1,9.860910e1,-7.406922e0
3.048269e1,9.965642e1,1.484727e1
3.051604e1,9.959892e1,7.500009e0
3.054939e1,1.001564e2,1.527988e0
3.058275e1,9.970078e1,-8.086196e0
3.061610e1,9.961734e1,-5.770850e0
3.064945e1,9.931606e1,-2.599892e1
3.068280e1,9.788408e1,-4.232525e1
3.071615e1,9.649438e1,-3.516964e1
3.074950e1,9.553944e1,-2.657631e1
3.078285e1,9.472262e1,-1.794153e1
3.081620e1,9.434333e1,-1.467206e1
3.084955e1,9.374449e1,-2.409013e1
3.088290e1,9.273732e1,-3.168763e1
3.091625e1,9.163198e1,-3.077984e1
3.094961e1,9.068534e1,-2.720476e1
3.098296e1,8.981833e1,-2.152728e1
3.101631e1,8.925018e1,-1.453250e1
3.104966e1,8.884949e1,-1.004484e1
3.108301e1,8.858053e1,-6.863255e0
3.111636e1,8.839194e1,3.094238e1
3.114971e1,9.064335e1,7.424044e1
3.118306e1,9.334131e1,5.340684e1
3.121641e1,9.420381e1,3.920204e1
3.124976e1,9.595477e1,6.221734e1
3.128311e1,9.835163e1,8.745080e1
3.131646e1,1.017848e2,8.893610e1
3.134982e1,1.042807e2,4.348751e1
3.138317e1,1.046840e2,3.525694e0
3.141652e1,1.045157e2,-3.130627e0
3.144987e1,1.044753e2,-3.218689e0
3.148322e1,1.043012e2,3.336147e-1
3.151657e1,1.044975e2,1.071708e1
3.154992e1,1.050156e2,1.169929e1
3.158327e1,1.052775e2,2.907570e-1
3.161662e1,1.050350e2,-1.007332e1
3.164997e1,1.046059e2,-2.395759e1
3.168332e1,1.034379e2,-4.783503e1
3.171667e1,1.014169e2,-7.025938e1
3.175003e1,9.875390e1,-6.003403e1
3.178338e1,9.741465e1,-3.016973e1
3.181673e1,9.674258e1,-2.601691e1
3.185008e1,9.568019e1,-2.185218e1
3.188343e1,9.528577e1,-5.738828e0
3.191678e1,9.529761e1,-8.989946e0
3.195013e1,9.468644e1,-1.959029e1
3.198348e1,9.399159e1,-2.346388e1
3.201683e1,9.312218e1,-2.380253e1
3.205018e1,9.240475e1,-1.853605e1
3.208353e1,9.188644e1,-1.512960e1
3.211689e1,9.139611e1,2.140834e0
3.215024e1,9.202917e1,6.338819e1
3.218359e1,9.562199e1,5.455485e1
3.221694e1,9.566616e1,2.212272e1
3.225029e1,9.709684e1,6.899139e1
3.228364e1,1.002656e2,1.212189e2
3.231699e1,1.051781e2,1.309486e2
3.235034e1,1.089955e2,7.280180e1
3.238369e1,1.100316e2,1.851275e0
3.241704e1,1.091189e2,-2.499764e1
3.245039e1,1.083650e2,-1.176013e1
3.248374e1,1.083349e2,-6.047180e-1
3.251710e1,1.083247e2,5.412313e0
3.255045e1,1.087047e2,1.772759e1
3.258380e1,1.095361e2,2.013674e1
3.261715e1,1.100472e2,3.412813e0
3.265050e1,1.097636e2,-2.076414e1
3.268385e1,1.086629e2,-4.727100e1
3.271720e1,1.066122e2,-7.089780e1
3.275055e1,1.039364e2,-7.111430e1
3.278390e1,1.018713e2,-6.605270e1
3.281725e1,9.953288e1,-5.173310e1
3.285060e1,9.842241e1,-2.275073e1
3.288396e1,9.801617e1,-1.651186e1
3.291731e1,9.732162e1,-1.492275e1
3.295066e1,9.702132e1,-1.109494e1
3.298401e1,9.658195e1,-1.551238e1
3.301736e1,9.598716e1,-4.808048e0
3.305071e1,9.626142e1,-1.123310e0
3.308406e1,9.591227e1,-1.819580e1
3.311741e1,9.504836e1,-1.355362e1
3.315076e1,9.500870e1,5.373158e1
3.318411e1,9.863047e1,6.315751e1
3.321746e1,9.921920e1,1.897629e1
3.325081e1,9.989556e1,4.871630e1
3.328417e1,1.024669e2,1.117753e2
3.331752e1,1.073472e2,1.406861e2
3.335087e1,1.118460e2,9.824566e1
3.338422e1,1.138970e2,2.512275e1
3.341757e1,1.135209e2,-2.427136e1
3.345092e1,1.122789e2,-3.216251e1
3.348427e1,1.113767e2,-1.763797e1
3.351762e1,1.111030e2,-4.652511e0
3.355097e1,1.110665e2,5.492489e0
3.358432e1,1.114692e2,1.625717e1
3.361767e1,1.121503e2,2.092204e1
3.365103e1,1.128640e2,1.090345e1
3.368438e1,1.128772e2,-2.012575e1
3.371773e1,1.115222e2,-6.028959e1
3.375108e1,1.088579e2,-7.846413e1
3.378443e1,1.062913e2,-6.465440e1
3.381778e1,1.045476e2,-5.382489e1
3.385113e1,1.027030e2,-5.910758e1
3.388448e1,1.006071e2,-4.343189e1
3.391783e1,9.980752e1,-1.884272e1
3.395118e1,9.935096e1,-9.943981e0
3.398453e1,9.914459e1,-1.093018e1
3.401788e1,9.862228e1,-1.421146e1
3.405124e1,9.819716e1,-5.863522e0
3.408459e1,9.823138e1,-8.563471e-1
3.411794e1,9.814007e1,-1.261467e1
3.415129e1,9.739040e1,3.812479e0
3.418464e1,9.839423e1,6.334911e1
3.421799e1,1.016137e2,6.255389e1
3.425134e1,1.025645e2,5.549899e1
3.428469e1,1.053136e2,1.343983e2
3.431804e1,1.115244e2,1.729419e2
3.435139e1,1.168431e2,6.777486e1
3.438474e1,1.160427e2,-4.053311e1
3.441810e1,1.141409e2,-4.330843e1
3.445145e1,1.131555e2,-2.275079e1
3.448480e1,1.126241e2,2.836718e1
3.451815e1,1.150466e2,2.284999e1
3.455150e1,1.141475e2,-2.360704e1
3.458485e1,1.134728e2,4.246689e-1
3.461820e1,1.141758e2,1.069752e1
3.465155e1,1.141860e2,-9.157880e0
3.468490e1,1.135653e2,-1.676877e1
3.471825e1,1.130681e2,-2.522327e1
3.475160e1,1.118837e2,-3.444228e1
3.478495e1,1.107719e2,-3.212350e1
3.481831e1,1.097421e2,-3.207615e1
3.485166e1,1.086335e2,-3.013656e1
3.488501e1,1.077330e2,-2.825091e1
3.491836e1,1.067501e2,-3.478786e1
3.495171e1,1.054138e2,-3.873143e1
3.498506e1,1.041680e2,-3.765962e1
3.501841e1,1.029032e2,-3.766963e1
3.505176e1,1.016567e2,-3.366098e1
3.508511e1,1.006591e2,-2.774256e1
3.511846e1,9.980720e1,-2.499545e1
3.515181e1,9.899278e1,-1.286899e1
3.518517e1,9.894927e1,6.617109e1
3.521852e1,1.034042e2,1.144252e2
3.525187e1,1.065776e2,8.179766e1
3.528522e1,1.088574e2,5.590869e1
3.531857e1,1.103049e2,5.585062e1
3.535192e1,1.125807e2,6.833442e1
3.538527e1,1.148605e2,4.841765e1
3.541862e1,1.158086e2,2.143310e1
3.545197e1,1.162894e2,7.255594e0
3.548532e1,1.162923e2,6.123897e-1
3.551867e1,1.163302e2,5.972794e0
3.555202e1,1.166905e2,8.417621e0
3.558538e1,1.168914e2,2.209130e0
3.561873e1,1.168414e2,-1.079784e0
3.565208e1,1.168176e2,-5.394025e-1
3.568543e1,1.168055e2,-1.168136e1
3.571878e1,1.160388e2,-3.647829e1
3.575213e1,1.143736e2,-5.002665e1
3.578548e1,1.127037e2,-4.289366e1
3.581883e1,1.115140e2,-3.004567e1
3.585218e1,1.107007e2,-2.700070e1
3.588553e1,1.097140e2,-3.032576e1
3.591888e1,1.086789e2,-2.267013e1
3.595224e1,1.082026e2,-1.340896e1
3.598559e1,1.077850e2,-9.559264e0
3.601894e1,1.075653e2,-7.142380e0
3.605229e1,1.073089e2,-1.662540e1
3.608564e1,1.064570e2,-3.617752e1
3.611899e1,1.048970e2,-4.179332e1
3.615234e1,1.036707e2,-3.408826e1
3.618569e1,1.026245e2,1.690584e1
3.621904e1,1.047978e2,1.017163e2
3.625239e1,1.094056e2,8.478575e1
3.628574e1,1.104502e2,4.041043e1
3.631909e1,1.120996e2,8.993532e1
3.635245e1,1.164459e2,1.191361e2
3.638580e1,1.200420e2,6.912574e1
3.641915e1,1.210543e2,1.423794e1
3.645250e1,1.209912e2,-7.125293e0
3.648585e1,1.205792e2,-2.671832e1
3.651920e1,1.192100e2,-8.943829e0
3.655255e1,1.199830e2,2.753704e1
3.658590e1,1.210458e2,6.635350e0
3.661925e1,1.204253e2,-1.328635e1
3.665260e1,1.201600e2,5.317870e-1
3.668595e1,1.204608e2,3.749158e0
3.671931e1,1.204100e2,-2.340158e1
3.675266e1,1.189007e2,-4.277888e1
3.678601e1,1.175580e2,-3.133106e1
3.681936e1,1.168120e2,-1.942292e1
3.685271e1,1.162632e2,-2.050237e1
3.688606e1,1.154451e2,-2.592014e1
3.691941e1,1.145352e2,-2.041800e1
3.695276e1,1.140839e2,-6.131352e0
3.698611e1,1.141264e2,-9.013718e-1
3.701946e1,1.140238e2,-1.531880e1
3.705281e1,1.131052e2,-2.535585e1
3.708616e1,1.123334e2,-1.540784e1
3.711952e1,1.120780e2,-7.845600e0
3.715287e1,1.118104e2,-7.475221e0
3.718622e1,1.115796e2,1.024852e1
3.721957e1,1.124936e2,5.973360e1
3.725292e1,1.155619e2,4.501393e1
3.728627e1,1.154946e2,2.718212e1
3.731962e1,1.173740e2,6.741505e1
3.735297e1,1.199889e2,9.741014e1
3.738632e1,1.238680e2,1.045163e2
3.741967e1,1.269567e2,5.119515e1
3.745302e1,1.272810e2,-2.932170e0
3.748638e1,1.267612e2,-1.766640e1
3.751973e1,1.261033e2,-9.509109e0
3.755308e1,1.261272e2,4.159934e0
3.758643e1,1.263806e2,7.951979e0
3.761978e1,1.266574e2,9.696761e0
3.765313e1,1.270270e2,1.048033e1
3.768648e1,1.273561e2,1.256742e0
3.771983e1,1.271108e2,-2.425727e1
3.775318e1,1.257389e2,-5.609380e1
3.778653e1,1.233712e2,-7.559406e1
3.781988e1,1.206993e2,-6.205993e1
3.785323e1,1.192339e2,-3.226765e1
3.788659e1,1.185481e2,-2.319323e1
3.791994e1,1.176877e2,-2.393168e1
3.795329e1,1.169527e2,-1.940332e1
3.798664e1,1.163941e2,-1.901772e1
3.801999e1,1.156848e2,-2.387074e1
3.805334e1,1.148028e2,-2.478295e1
3.808669e1,1.140326e2,-2.555984e1
3.812004e1,1.130988e2,-3.341264e1
3.815339e1,1.118051e2,-3.845685e1
3.818674e1,1.105350e2,-2.534347e1
3.822009e1,1.101156e2,5.693764e1
3.825344e1,1.143308e2,1.269634e2
3.828680e1,1.185798e2,7.335019e1
3.832015e1,1.192208e2,3.638724e1
3.835350e1,1.210056e2,8.286627e1
3.838685e1,1.247453e2,1.146069e2
3.842020e1,1.286461e2,8.195556e1
3.845355e1,1.302090e2,1.348450e1
3.848690e1,1.295450e2,-3.356521e1
3.852025e1,1.279713e2,-3.906452e1
3.855360e1,1.269407e2,-1.418674e1
3.858695e1,1.270255e2,1.800272e1
3.862030e1,1.281409e2,2.160136e1
3.865366e1,1.284656e2,-2.239235e0
3.868701e1,1.279916e2,-1.078693e1
3.872036e1,1.277465e2,-7.654055e0
3.875371e1,1.274686e2,-2.805853e1
3.878706e1,1.258291e2,-5.251988e1
3.882041e1,1.239673e2,-4.176215e1
3.885376e1,1.230450e2,-2.732579e1
3.888711e1,1.221456e2,-2.567334e1
3.892046e1,1.213334e2,-2.183580e1
3.895381e1,1.206898e2,-2.174127e1
3.898716e1,1.198840e2,-1.832395e1
3.902051e1,1.194683e2,-1.818953e1
3.905387e1,1.186714e2,-3.004579e1
3.908722e1,1.174652e2,-3.127842e1
3.912057e1,1.165861e2,-2.909220e1
3.915392e1,1.155257e2,-4.021632e1
3.918727e1,1.139051e2,-4.621747e1
3.922062e1,1.124446e2,1.480437e1
3.925397e1,1.148920e2,1.148965e2
3.928732e1,1.201043e2,1.269121e2
3.932067e1,1.233528e2,6.860934e1
3.935402e1,1.246783e2,5.934177e1
3.938737e1,1.273089e2,9.229539e1
3.942073e1,1.308313e2,8.318933e1
3.945408e1,1.328549e2,3.894052e1
3.948743e1,1.334273e2,6.344785e0
3.952078e1,1.332779e2,-9.756957e0
3.955413e1,1.327769e2,-1.369266e1
3.958748e1,1.323650e2,1.835873e0
3.962083e1,1.328993e2,1.585352e1
3.965418e1,1.334219e2,8.108405e0
3.968753e1,1.334398e2,-1.798088e0
3.972088e1,1.333021e2,-1.219889e1
3.975423e1,1.326266e2,-2.982593e1
3.978758e1,1.313137e2,-5.730068e1
3.982094e1,1.288065e2,-6.113906e1
3.985429e1,1.272377e2,-3.560970e1
3.988764e1,1.264325e2,-2.682151e1
3.992099e1,1.254496e2,-3.001386e1
3.995434e1,1.244316e2,-1.866737e1
3.998769e1,1.242051e2,-5.593217e0
4.002104e1,1.240587e2,8.754818e-1
4.005439e1,1.242635e2,-8.213040e0
4.008774e1,1.235112e2,-2.589103e1
4.012109e1,1.225374e2,-2.676038e1
4.015444e1,1.217272e2,-2.135545e1
4.018780e1,1.211137e2,-8.572972e0
4.022115e1,1.211556e2,1.712325e1
4.025450e1,1.222553e2,7.579622e1
4.028785e1,1.262087e2,6.700888e1
4.032120e1,1.267225e2,2.775122e1
4.035455e1,1.280588e2,6.959953e1
4.038790e1,1.313625e2,1.225645e2
4.042125e1,1.362298e2,1.359240e2
4.045460e1,1.404241e2,7.184786e1
4.048795e1,1.410196e2,-1.571240e1
4.052130e1,1.393766e2,-7.207131e1
4.055465e1,1.362149e2,-3.459664e1
4.058801e1,1.370702e2,2.384287e1
4.062136e1,1.378044e2,2.664245e1
4.065471e1,1.388463e2,1.730616e1
4.068806e1,1.389581e2,-1.166237e1
4.072141e1,1.380689e2,-1.452417e1
4.075476e1,1.379899e2,-1.126098e1
4.078811e1,1.373181e2,-4.079751e1
4.082146e1,1.352700e2,-5.000463e1
4.085481e1,1.339845e2,-3.063878e1
4.088816e1,1.332274e2,-2.202179e1
4.092151e1,1.325164e2,-2.065195e1
4.095487e1,1.318506e2,-1.931447e1
4.098822e1,1.312287e2,-3.318131e1
4.102157e1,1.296386e2,-4.397557e1
4.105492e1,1.282970e2,-3.961562e1
4.108827e1,1.269975e2,-3.842901e1
4.112162e1,1.257351e2,-3.279476e1
4.115497e1,1.248112e2,-2.760326e1
4.118832e1,1.238949e2,-2.716301e1
4.122167e1,1.230003e2,-2.128356e1
4.125502e1,1.224760e2,5.266148e1
4.128837e1,1.265111e2,1.329479e2
4.132172e1,1.313392e2,1.038547e2
4.135508e1,1.334347e2,5.043092e1
4.138843e1,1.347012e2,6.784898e1
4.142178e1,1.379580e2,1.001904e2
4.145513e1,1.413806e2,7.624485e1
4.148848e1,1.430410e2,2.536824e1
4.152183e1,1.430718e2,8.004568e-1
4.155518e1,1.430944e2,-9.806303e0
4.158853e1,1.424180e2,-2.270097e1
4.162188e1,1.415810e2,-1.024802e1
4.165523e1,1.417348e2,1.287565e1
4.168858e1,1.424393e2,7.529920e0
4.172194e1,1.422368e2,-5.861513e0
4.175529e1,1.420486e2,-1.171776e1
4.178864e1,1.414557e2,-3.070506e1
4.182199e1,1.399504e2,-4.659783e1
4.185534e1,1.382715e2,-3.949982e1
4.188869e1,1.373171e2,-2.546350e1
4.192204e1,1.365739e2,-2.111485e1
4.195539e1,1.359094e2,-1.608863e1
4.198874e1,1.355013e2,-1.111344e1
4.202209e1,1.351685e2,-2.057326e1
4.205544e1,1.341298e2,-3.456123e1
4.208879e1,1.328644e2,-3.557446e1
4.212215e1,1.317581e2,-3.236822e1
4.215550e1,1.307066e2,-2.559312e1
4.218885e1,1.300519e2,-1.389043e1
4.222220e1,1.297805e2,-9.636209e0
4.225555e1,1.294095e2,2.775431e1
4.228890e1,1.316308e2,9.215442e1
4.232225e1,1.355532e2,6.663103e1
4.235560e1,1.360729e2,3.617598e1
4.238895e1,1.379649e2,7.912227e1
4.242230e1,1.413477e2,1.036846e2
4.245565e1,1.448772e2,8.583498e1
4.248901e1,1.470700e2,3.611731e1
4.252236e1,1.472850e2,-3.919166e0
4.255571e1,1.468088e2,-9.326555e0
4.258906e1,1.466632e2,-2.585645e-1
4.262241e1,1.467915e2,3.850617e0
4.265576e1,1.469199e2,7.023894e0
4.268911e1,1.472598e2,9.143457e0
4.272246e1,1.475295e2,2.187598e0
4.275581e1,1.474056e2,-1.114343e1
4.278916e1,1.467866e2,-3.112511e1
4.282251e1,1.453306e2,-5.734929e1
4.285586e1,1.429633e2,-6.152396e1
4.288922e1,1.412290e2,-3.881395e1
4.292257e1,1.403757e2,-2.407089e1
4.295592e1,1.396243e2,-2.508638e1
4.298927e1,1.387033e2,-2.794867e1
4.302262e1,1.377610e2,-3.160826e1
4.305597e1,1.365961e2,-3.546066e1
4.308932e1,1.353970e2,-2.934001e1
4.312267e1,1.346401e2,-2.571551e1
4.315602e1,1.336826e2,-2.705915e1
4.318937e1,1.328361e2,-2.613036e1
4.322272e1,1.319406e2,-2.920983e1
4.325608e1,1.308888e2,-1.625197e1
4.328943e1,1.308571e2,7.081124e1
4.332278e1,1.356096e2,1.208637e2
4.335613e1,1.389147e2,6.061718e1
4.338948e1,1.396507e2,4.303225e1
4.342283e1,1.417835e2,9.459781e1
4.345618e1,1.459572e2,9.467814e1
4.348953e1,1.480954e2,3.335699e1
4.352288e1,1.481810e2,1.452631e1
4.355623e1,1.490638e2,3.113517e1
4.358958e1,1.502567e2,2.941821e1
4.362293e1,1.510251e2,1.639194e1
4.365629e1,1.513495e2,2.700740e0
4.368964e1,1.512051e2,-1.594590e0
4.372299e1,1.512432e2,-2.190241e-1
4.375634e1,1.511905e2,-5.224298e0
4.378969e1,1.508949e2,-1.773174e1
4.382304e1,1.500084e2,-4.377628e1
4.385639e1,1.479765e2,-7.149011e1
4.388974e1,1.452424e2,-7.421091e1
4.392309e1,1.430291e2,-4.141534e1
4.395644e1,1.424814e2,-2.062965e1
4.398979e1,1.416538e2,-2.786527e1
4.402315e1,1.406237e2,-3.037749e1
4.405650e1,1.396286e2,-3.014447e1
4.408985e1,1.386140e2,-2.952727e1
4.412320e1,1.376601e2,-3.298400e1
4.415655e1,1.364151e2,-3.170275e1
4.418990e1,1.355466e2,-2.463772e1
4.422325e1,1.347726e2,-2.933483e1
4.425660e1,1.335910e2,-2.923914e1
4.428995e1,1.328233e2,4.302256e1
4.432330e1,1.364591e2,1.245023e2
4.435665e1,1.411235e2,8.272380e1
4.439000e1,1.419741e2,3.826946e1
4.442336e1,1.436748e2,9.792271e1
4.445671e1,1.485022e2,1.418151e2
4.449006e1,1.531291e2,8.497996e1
4.452341e1,1.541676e2,-7.989226e0
4.455676e1,1.525965e2,-4.116390e1
4.459011e1,1.514233e2,-2.988997e1
4.462346e1,1.506038e2,1.565259e1
4.465681e1,1.524668e2,3.938638e1
4.469016e1,1.532296e2,-5.987054e0
4.472351e1,1.520677e2,-2.052038e1
4.475686e1,1.518616e2,4.944976e0
4.479022e1,1.523974e2,2.902168e0
4.482357e1,1.520550e2,-3.653434e1
4.485692e1,1.499617e2,-4.765273e1
4.489027e1,1.488782e2,-2.884484e1
4.492362e1,1.479907e2,-2.530792e1
4.495697e1,1.471488e2,-2.480793e1
4.499032e1,1.463368e2,-2.620147e1
4.502367e1,1.454020e2,-2.712727e1
4.505702e1,1.445283e2,-2.597908e1
4.509037e1,1.436701e2,-2.488391e1
4.512372e1,1.428694e2,-1.980085e1
4.515707e1,1.423501e2,-1.342884e1
4.519043e1,1.419741e2,-1.251069e1
4.522378e1,1.415160e2,-1.015979e1
4.525713e1,1.412968e2,-6.437588e0
4.529048e1,1.410868e2,1.864282e1
4.532383e1,1.425397e2,6.657898e1
4.535718e1,1.455254e2,5.670938e1
4.539053e1,1.463203e2,3.531999e1
4.542388e1,1.478801e2,6.915449e1
4.545723e1,1.509306e2,9.529573e1
4.549058e1,1.542331e2,8.436738e1
4.552393e1,1.565551e2,4.719805e1
4.555728e1,1.573797e2,1.165093e1
4.559064e1,1.573318e2,-5.547198e0
4.562399e1,1.570099e2,-4.367347e0
4.565734e1,1.570407e2,2.584690e0
4.569069e1,1.571822e2,5.438948e0
4.572404e1,1.574033e2,7.985497e0
4.575739e1,1.577145e2,2.991915e0
4.579074e1,1.576027e2,-8.278969e0
4.582409e1,1.571626e2,-2.518581e1
4.585744e1,1.559237e2,-5.739275e1
4.589079e1,1.533364e2,-7.862719e1
4.592414e1,1.506819e2,-5.063333e1
4.595750e1,1.499609e2,-1.711171e1
4.599085e1,1.495411e2,-1.839297e1
4.602420e1,1.487347e2,-2.663545e1
4.605755e1,1.477654e2,-2.762135e1
4.609090e1,1.468933e2,-2.806906e1
4.612425e1,1.458941e2,-3.388708e1
4.615760e1,1.446341e2,-3.194800e1
4.619095e1,1.437642e2,-2.669787e1
4.622430e1,1.428543e2,-2.959124e1
4.625765e1,1.417915e2,-2.963131e1
4.629100e1,1.408788e2,-1.824113e1
4.632435e1,1.405754e2,6.340285e1
4.635771e1,1.451057e2,1.317506e2
4.639106e1,1.493588e2,8.133568e1
4.642441e1,1.505281e2,3.697478e1
4.645776e1,1.518238e2,8.332908e1
4.649111e1,1.560833e2,1.222603e2
4.652446e1,1.599745e2,6.987950e1
4.655781e1,1.607420e2,-1.085800e0
4.659116e1,1.599021e2,-3.424242e1
4.662451e1,1.584592e2,-2.822194e1
4.665786e1,1.580206e2,1.995101e1
4.669121e1,1.597892e2,2.777655e1
4.672457e1,1.598724e2,-1.132011e1
4.675792e1,1.590345e2,-1.155816e1
4.679127e1,1.591018e2,9.172078e0
4.682462e1,1.596460e2,-5.948404e0
4.685797e1,1.587053e2,-4.648899e1
4.689132e1,1.565468e2,-4.636899e1
4.692467e1,1.556140e2,-2.843421e1
4.695802e1,1.546511e2,-2.968329e1
4.699137e1,1.536351e2,-2.751683e1
4.702472e1,1.528167e2,-1.644259e1
4.705807e1,1.525390e2,-1.831879e1
4.709142e1,1.515954e2,-3.889052e1
4.712478e1,1.499462e2,-4.651962e1
4.715813e1,1.484941e2,-4.379419e1
4.719148e1,1.470266e2,-4.678521e1
4.722483e1,1.453751e2,-3.997963e1
4.725818e1,1.443613e2,-2.729696e1
4.729153e1,1.435553e2,-2.081641e1
4.732488e1,1.429736e2,4.375315e1
4.735823e1,1.464722e2,1.181635e2
4.739158e1,1.508511e2,8.930323e1
4.742493e1,1.524257e2,4.339294e1
4.745828e1,1.537440e2,6.459067e1
4.749164e1,1.567318e2,1.086009e2
4.752499e1,1.609841e2,9.322178e1
4.755834e1,1.629466e2,2.332611e1
4.759169e1,1.625391e2,-1.421279e1
4.762504e1,1.619990e2,-2.104031e1
4.765839e1,1.611364e2,2.168447e0
4.769174e1,1.621436e2,2.792134e1
4.772509e1,1.629979e2,1.199374e1
4.775844e1,1.629432e2,-8.323794e0
4.779179e1,1.624429e2,-8.004468e0
4.782514e1,1.624096e2,8.607818e-1
4.785849e1,1.625003e2,-1.929575e1
4.789185e1,1.611232e2,-6.074048e1
4.792520e1,1.584510e2,-5.670239e1
4.795855e1,1.573430e2,-2.720868e1
4.799190e1,1.565917e2,-2.017977e1
4.802525e1,1.559641e2,-2.307966e1
4.805860e1,1.550531e2,-2.627525e1
4.809195e1,1.542124e2,-3.080417e1
4.812530e1,1.529995e2,-3.685988e1
4.815865e1,1.517551e2,-3.493595e1
4.819200e1,1.506704e2,-3.362397e1
4.822535e1,1.495135e2,-3.242083e1
4.825871e1,1.485090e2,-3.055085e1
4.829206e1,1.474767e2,-3.189945e1
4.832541e1,1.463824e2,-5.136954e0
4.835876e1,1.471343e2,9.205629e1
4.839211e1,1.525195e2,1.343903e2
4.842546e1,1.560936e2,6.432835e1
4.845881e1,1.568080e2,3.891298e1
4.849216e1,1.586878e2,9.645420e1
4.852551e1,1.632383e2,1.189046e2
4.855886e1,1.666148e2,6.073331e1
4.859221e1,1.672872e2,-1.136732e1
4.862556e1,1.658570e2,-3.000574e1
4.865892e1,1.652868e2,-3.428756e0
4.869227e1,1.656284e2,1.350325e1
4.872562e1,1.661870e2,1.623654e1
4.875897e1,1.667108e2,7.604471e0
4.879232e1,1.666940e2,-4.477925e0
4.882567e1,1.664123e2,-7.674824e0
4.885902e1,1.661823e2,-1.633347e1
4.889237e1,1.653234e2,-4.658519e1
4.892572e1,1.630766e2,-7.175175e1
4.895907e1,1.605400e2,-4.992715e1
4.899242e1,1.597482e2,-1.994174e1
4.902578e1,1.592105e2,-2.218671e1
4.905913e1,1.582691e2,-2.860498e1
4.909248e1,1.573035e2,-2.604935e1
4.912583e1,1.565324e2,-1.599063e1
4.915918e1,1.562375e2,-1.101678e1
4.919253e1,1.557980e2,-2.014437e1
4.922588e1,1.548945e2,-3.080016e1
4.925923e1,1.537446e2,-3.440655e1
4.929258e1,1.526007e2,-3.785372e1
4.932593e1,1.512211e2,-3.741340e1
4.935928e1,1.501065e2,4.474014e1
4.939263e1,1.542037e2,1.347479e2
4.942599e1,1.590897e2,9.590064e1
4.945934e1,1.605971e2,4.813374e1
4.949269e1,1.622986e2,8.970394e1
4.952604e1,1.665774e2,1.257378e2
4.955939e1,1.706811e2,6.157853e1
4.959274e1,1.706826e2,-2.209957e1
4.962609e1,1.692078e2,-2.245409e1
4.965944e1,1.691857e2,-3.157971e0
4.969279e1,1.689973e2,1.758117e1
4.972614e1,1.703577e2,6.635983e0
4.975949e1,1.694397e2,-1.590162e1
4.979285e1,1.692976e2,7.238956e0
4.982620e1,1.699223e2,5.699540e0
4.985955e1,1.696776e2,-1.601231e1
4.989290e1,1.688548e2,-2.880513e1
4.992625e1,1.677573e2,-3.527585e1
4.995960e1,1.665031e2,-3.885781e1
4.999295e1,1.651667e2,-3.775161e1
5.002630e1,1.639863e2,-2.369017e1
5.005965e1,1.635874e2,-6.608697e0
5.009300e1,1.635457e2,-9.645231e0
5.012635e1,1.629444e2,-2.958417e1
5.015970e1,1.615735e2,-4.148914e1
5.019306e1,1.601784e2,-3.864215e1
5.022641e1,1.589973e2,-3.610072e1
5.025976e1,1.577717e2,-3.833938e1
5.029311e1,1.564414e2,-3.906201e1
5.032646e1,1.551676e2,-3.311881e1
5.035981e1,1.542334e2,2.504504e1
5.039316e1,1.568373e2,1.204656e2
5.042651e1,1.622645e2,1.191082e2
5.045986e1,1.647778e2,4.994505e1
5.049321e1,1.655941e2,4.140181e1
5.052656e1,1.675379e2,8.074779e1
5.055992e1,1.709773e2,8.369711e1
5.059327e1,1.731177e2,5.084614e1
5.062662e1,1.743671e2,1.714897e1
5.065997e1,1.742610e2,1.214948e0
5.069332e1,1.744481e2,-4.380548e0
5.072667e1,1.739690e2,-8.845211e0
5.076002e1,1.738584e2,8.261338e-1
5.079337e1,1.740240e2,6.343197e0
5.082672e1,1.742813e2,5.002114e0
5.086007e1,1.743575e2,-6.605630e0
5.089342e1,1.738409e2,-2.931653e1
5.092677e1,1.724031e2,-5.895460e1
5.096013e1,1.699106e2,-5.851392e1
5.099348e1,1.685021e2,-3.173298e1
5.102683e1,1.677951e2,-2.240956e1
5.106018e1,1.670082e2,-2.915542e1
5.109353e1,1.658514e2,-2.413951e1
5.112688e1,1.653586e2,-7.518466e0
5.116023e1,1.653376e2,-1.778537e1
5.119358e1,1.641730e2,-3.581184e1
5.122693e1,1.629501e2,-3.261903e1
5.126028e1,1.619984e2,-2.563972e1
5.129363e1,1.612408e2,-1.914763e1
5.132699e1,1.607218e2,-1.547263e1
5.136034e1,1.602093e2,-3.197888e0
5.139369e1,1.605087e2,7.909117e1
5.142704e1,1.654821e2,1.101596e2
5.146039e1,1.678526e2,4.532397e1
5.149374e1,1.685037e2,7.052558e1
5.152709e1,1.725543e2,1.356572e2
5.156044e1,1.775475e2,1.079475e2
5.159379e1,1.797508e2,2.639687e1
5.162714e1,1.793073e2,2.722913e0
5.166049e1,1.799324e2,-1.610936e1
5.169384e1,1.782333e2,-1.710126e1
5.172720e1,1.787923e2,2.020734e1
5.176055e1,1.795805e2,4.396214e0
5.179390e1,1.790854e2,-6.471471e0
5.182725e1,1.791490e2,1.219406e0
5.186060e1,1.791667e2,2.055937e0
5.189395e1,1.792861e2,-1.022674e1
5.192730e1,1.784849e2,-2.756504e1
5.196065e1,1.774484e2,-3.345252e1
5.199400e1,1.762547e2,-4.061651e1
5.202735e1,1.747407e2,-3.935548e1
5.206070e1,1.736310e2,-2.256282e1
5.209406e1,1.732365e2,-1.772746e1
5.212741e1,1.724492e2,-2.536273e1
5.216076e1,1.715456e2,-2.056875e1
5.219411e1,1.710779e2,-1.384424e1
5.222746e1,1.706227e2,-2.425346e1
5.226081e1,1.694610e2,-3.972666e1
5.229416e1,1.679742e2,-3.746374e1
5.232751e1,1.669634e2,-3.212374e1
5.236086e1,1.658327e2,-3.120611e1
5.239421e1,1.648830e2,4.545682e1
5.242756e1,1.688631e2,1.371027e2
5.246091e1,1.740232e2,1.037996e2
5.249427e1,1.757831e2,4.363502e1
5.252762e1,1.769322e2,6.400353e1
5.256097e1,1.800500e2,9.918103e1
5.259432e1,1.835443e2,7.717172e1
5.262767e1,1.851948e2,2.201235e1
5.266102e1,1.850118e2,-1.502881e1
5.269437e1,1.841928e2,-9.707999e0
5.272772e1,1.843646e2,3.464067e0
5.276107e1,1.844238e2,8.312275e0
5.279442e1,1.849187e2,1.212030e1
5.282777e1,1.852318e2,2.441995e0
5.286112e1,1.850815e2,-4.832451e0
5.289448e1,1.849096e2,-7.855784e0
5.292783e1,1.845578e2,-2.978877e1
5.296118e1,1.829237e2,-5.705671e1
5.299453e1,1.807540e2,-5.117474e1
5.302788e1,1.795121e2,-3.224826e1
5.306123e1,1.786041e2,-2.299313e1
5.309458e1,1.779792e2,-1.789371e1
5.312793e1,1.774112e2,-1.008858e1
5.316128e1,1.773066e2,-6.179512e0
5.319463e1,1.769993e2,-1.835034e1
5.322798e1,1.760833e2,-2.754672e1
5.326134e1,1.751628e2,-3.257362e1
5.329469e1,1.739117e2,-3.824884e1
5.332804e1,1.726129e2,-3.988724e1
5.336139e1,1.712525e2,-3.742340e1
5.339474e1,1.701180e2,1.003871e1
5.342809e1,1.719218e2,1.175086e2
5.346144e1,1.779519e2,1.250094e2
5.349479e1,1.802557e2,4.818927e1
5.352814e1,1.811645e2,7.706467e1
5.356149e1,1.853934e2,1.307916e2
5.359484e1,1.898840e2,8.540068e1
5.362819e1,1.910868e2,1.610184e1
5.366155e1,1.909574e2,1.053792e0
5.369490e1,1.911570e2,-1.815184e1
5.372825e1,1.897473e2,-8.847184e0
5.376160e1,1.905672e2,2.656100e1
5.379495e1,1.915180e2,4.457994e0
5.382830e1,1.908644e2,-1.436523e1
5.386165e1,1.905604e2,-1.310414e0
5.389500e1,1.907771e2,4.058006e0
5.392835e1,1.908309e2,-2.033397e1
5.396170e1,1.894215e2,-3.948304e1
5.399505e1,1.881987e2,-4.104898e1
5.402841e1,1.866849e2,-4.523554e1
5.406176e1,1.851830e2,-2.984667e1
5.409511e1,1.846951e2,-7.743117e0
5.412846e1,1.846668e2,-1.569978e1
5.416181e1,1.836484e2,-4.147204e1
5.419516e1,1.819020e2,-5.686649e1
5.422851e1,1.797625e2,-5.874235e1
5.426186e1,1.778879e2,-4.836756e1
5.429521e1,1.765380e2,-3.339796e1
5.432856e1,1.756614e2,-2.235201e1
5.436191e1,1.750479e2,-1.637075e1
5.439526e1,1.745700e2,-2.772641e0
5.442862e1,1.748631e2,8.428723e1
5.446197e1,1.801891e2,1.355366e2
5.449532e1,1.838988e2,7.474045e1
5.452867e1,1.851718e2,5.012150e1
5.456202e1,1.872403e2,9.460838e1
5.459537e1,1.914791e2,1.167221e2
5.462872e1,1.950218e2,6.337974e1
5.466207e1,1.957044e2,1.497969e0
5.469542e1,1.951216e2,-1.616563e1
5.472877e1,1.946267e2,-1.221509e1
5.476212e1,1.943073e2,1.202653e1
5.479548e1,1.954284e2,1.983910e1
5.482883e1,1.956299e2,-1.022900e0
5.486218e1,1.953602e2,-3.345227e0
5.489553e1,1.954069e2,2.578326e0
5.492888e1,1.955321e2,-9.591421e0
5.496223e1,1.947674e2,-4.392067e1
5.499558e1,1.926041e2,-5.043855e1
5.502893e1,1.914049e2,-3.138885e1
5.506228e1,1.905115e2,-3.244286e1
5.509563e1,1.892420e2,-3.688787e1
5.512898e1,1.880523e2,-3.050107e1
5.516233e1,1.872086e2,-2.691374e1
5.519569e1,1.862581e2,-2.891891e1
5.522904e1,1.852807e2,-3.143211e1
5.526239e1,1.841626e2,-3.372016e1
5.529574e1,1.830327e2,-3.299779e1
5.532909e1,1.819627e2,-3.237546e1
5.536244e1,1.808743e2,-3.428163e1
5.539579e1,1.796773e2,-3.181876e1
5.542914e1,1.787531e2,4.558671e1
5.546249e1,1.827164e2,1.353215e2
5.549584e1,1.877745e2,1.041817e2
5.552919e1,1.896618e2,4.253544e1
5.556255e1,1.906102e2,6.405920e1
5.559590e1,1.939325e2,1.163698e2
5.562925e1,1.983682e2,1.066067e2
5.566260e1,2.010396e2,1.731060e1
5.569595e1,1.995222e2,-4.334458e1
5.572930e1,1.981499e2,-9.887271e0
5.576265e1,1.988631e2,1.059893e1
5.579600e1,1.988565e2,4.383422e0
5.582935e1,1.991553e2,9.167484e-1
5.586270e1,1.989177e2,-2.083345e0
5.589605e1,1.990164e2,3.819761e0
5.592940e1,1.991723e2,-6.724191e0
5.596276e1,1.985681e2,-2.502239e1
5.599611e1,1.975041e2,-3.886711e1
5.602946e1,1.959770e2,-4.408692e1
5.606281e1,1.945650e2,-3.988535e1
5.609616e1,1.933180e2,-2.463850e1
5.612951e1,1.929224e2,-5.467255e0
5.616286e1,1.929535e2,-7.914960e0
5.619621e1,1.923948e2,-2.568916e1
5.622956e1,1.912409e2,-2.884372e1
5.626291e1,1.904719e2,-3.008161e1
5.629626e1,1.892354e2,-3.978998e1
5.632962e1,1.878192e2,-3.628797e1
5.636297e1,1.868162e2,-2.506377e1
5.639632e1,1.861483e2,-2.544157e1
5.642967e1,1.851201e2,4.120065e0
5.646302e1,1.864230e2,1.017537e2
5.649637e1,1.919037e2,1.289767e2
5.652972e1,1.950214e2,5.971278e1
5.656307e1,1.958846e2,5.211253e1
5.659642e1,1.984956e2,1.051034e2
5.662977e1,2.028914e2,1.236950e2
5.666312e1,2.067419e2,6.170011e1
5.669647e1,2.070048e2,-2.648160e1
5.672983e1,2.049765e2,-4.909202e1
5.676318e1,2.037320e2,-1.464657e1
5.679653e1,2.040000e2,1.903034e1
5.682988e1,2.050007e2,2.606297e1
5.686323e1,2.057376e2,6.382283e0
5.689658e1,2.054262e2,-1.327353e1
5.692993e1,2.048527e2,-8.672092e0
5.696328e1,2.048480e2,-1.252917e1
5.699663e1,2.040174e2,-4.931289e1
5.702998e1,2.015605e2,-5.600532e1
5.706333e1,2.002837e2,-2.949319e1
5.709669e1,1.995943e2,-1.953986e1
5.713004e1,1.989810e2,-2.356848e1
5.716339e1,1.980230e2,-3.204975e1
5.719674e1,1.968444e2,-3.910845e1
5.723009e1,1.954158e2,-4.639496e1
5.726344e1,1.937514e2,-4.295270e1
5.729679e1,1.925523e2,-3.201029e1
5.733014e1,1.915640e2,-3.040785e1
5.736349e1,1.904744e2,-3.322610e1
5.739684e1,1.893489e2,-3.352530e1
5.743019e1,1.882394e2,-2.437172e1
5.746354e1,1.877242e2,6.864717e1
5.749690e1,1.928159e2,1.363275e2
5.753025e1,1.968127e2,9.141639e1
5.756360e1,1.989103e2,5.499825e1
5.759695e1,2.004792e2,7.665319e1
5.763030e1,2.040205e2,1.064572e2
5.766365e1,2.075764e2,6.362375e1
5.769700e1,2.082621e2,5.236689e0
5.773035e1,2.079255e2,-1.730549e1
5.776370e1,2.071084e2,6.383362e0
5.779705e1,2.083510e2,2.723168e1
5.783040e1,2.089239e2,-5.007280e0
5.786376e1,2.080172e2,-1.049834e1
5.789711e1,2.082240e2,1.097342e1
5.793046e1,2.087488e2,3.469536e0
5.796381e1,2.084553e2,-1.590912e1
5.799716e1,2.076882e2,-3.153380e1
5.803051e1,2.063530e2,-4.463812e1
5.806386e1,2.047123e2,-4.118888e1
5.809721e1,2.036071e2,-2.607453e1
5.813056e1,2.029740e2,-1.833329e1
5.816391e1,2.023849e2,-2.359171e1
5.819726e1,2.014012e2,-3.226002e1
5.823061e1,2.002342e2,-3.589199e1
5.826397e1,1.990084e2,-4.036813e1
5.829732e1,1.975430e2,-4.697356e1
5.833067e1,1.958768e2,-4.387513e1
5.836402e1,1.946180e2,-3.422341e1
5.839737e1,1.935953e2,-2.984770e1
5.843072e1,1.926281e2,-2.440150e1
5.846407e1,1.919685e2,4.198986e1
5.849742e1,1.954275e2,1.324163e2
5.853077e1,2.007963e2,1.323095e2
5.856412e1,2.042481e2,6.453509e1
5.859747e1,2.050986e2,4.346198e1
5.863083e1,2.071456e2,8.574180e1
5.866418e1,2.108147e2,9.451680e1
5.869753e1,2.134467e2,4.785570e1
5.873088e1,2.140051e2,-3.284234e0
5.876423e1,2.132277e2,-1.075250e1
5.879758e1,2.132883e2,4.521584e0
5.883093e1,2.135292e2,1.096651e1
5.886428e1,2.140194e2,1.172108e1
5.889763e1,2.143106e2,1.759020e0
5.893098e1,2.141366e2,-4.528274e0
5.896433e1,2.140087e2,-7.059378e0
5.899768e1,2.136660e2,-2.859211e1
5.903104e1,2.121026e2,-7.067668e1
5.906439e1,2.089542e2,-7.259032e1
5.909774e1,2.072632e2,-3.595226e1
5.913109e1,2.065574e2,-2.439844e1
5.916444e1,2.056366e2,-2.646973e1
5.919779e1,2.047928e2,-2.786745e1
5.923114e1,2.037788e2,-3.725091e1
5.926449e1,2.023094e2,-4.069355e1
5.929784e1,2.010659e2,-3.703321e1
5.933119e1,1.998405e2,-3.797188e1
5.936454e1,1.985344e2,-3.518694e1
5.939789e1,1.974947e2,-3.073852e1
5.943125e1,1.964852e2,-3.285355e1
5.946460e1,1.953045e2,-9.287961e0
5.949795e1,1.958660e2,9.063021e1
5.953130e1,2.013465e2,1.338667e2
5.956465e1,2.047905e2,6.064704e1
5.959800e1,2.053896e2,5.617999e1
5.963135e1,2.085358e2,1.101985e2
5.966470e1,2.127362e2,9.414101e1
5.969805e1,2.148119e2,4.945855e1
5.973140e1,2.160334e2,2.883368e1
5.976475e1,2.167341e2,-6.416794e0
5.979811e1,2.156056e2,-2.186967e1
5.983146e1,2.152761e2,7.803495e0
5.986481e1,2.161259e2,1.404802e1
5.989816e1,2.162127e2,-2.516323e-1
5.993151e1,2.161091e2,-4.811740e0
5.996486e1,2.158919e2,-3.740078e0
5.999821e1,2.158598e2,-1.406015e1
6.003156e1,2.149545e2,-4.883596e1
6.006491e1,2.126040e2,-5.157955e1
6.009826e1,2.115159e2,-2.744846e1
6.013161e1,2.107741e2,-2.333340e1
6.016496e1,2.099603e2,-2.641919e1
6.019832e1,2.090128e2,-2.702445e1
6.023167e1,2.081587e2,0.000000e0
