t,x,y
0.000000e0,4.159021e-1,-1.215439e0
3.333333e-2,-1.679352e0,-1.138956e0
6.666667e-2,-5.390707e0,-9.771112e-1
1.000000e-1,-9.441308e0,-8.432589e-1
1.333333e-1,-1.130792e1,-5.046849e-1
1.666667e-1,-1.226667e1,-4.761077e-1
2.000000e-1,-1.337296e1,-2.877989e-1
2.333333e-1,-1.470698e1,1.484270e-1
2.666667e-1,-1.573091e1,1.639759e-1
3.000000e-1,-1.629729e1,2.660107e-1
3.333333e-1,-1.672072e1,3.721872e-1
3.666667e-1,-1.728960e1,3.495850e-1
4.000000e-1,-1.813736e1,2.910211e-1
4.333333e-1,-1.922556e1,3.496223e-1
4.666667e-1,-2.066382e1,5.888143e-1
5.000000e-1,-2.060421e1,4.499066e-1
5.333333e-1,-1.477923e1,8.177377e-1
5.666667e-1,-1.329020e1,1.029625e0
6.000000e-1,-1.134614e1,6.291949e-1
6.333333e-1,-5.841460e0,-2.187102e-1
6.666667e-1,1.914620e0,-1.818674e0
7.000000e-1,7.306288e0,-1.791934e0
7.333333e-1,7.408577e0,-1.762940e0
7.666667e-1,5.265018e0,-1.809142e0
8.000000e-1,2.967612e0,-1.751567e0
8.333333e-1,3.340786e0,-1.512195e0
8.666667e-1,4.859686e0,-1.709729e0
9.000000e-1,6.214928e0,-1.612441e0
9.333333e-1,6.751271e0,-1.714676e0
9.666667e-1,6.211141e0,-1.746335e0
1.000000e0,4.956486e0,-1.723214e0
1.033333e0,3.476746e0,-1.769652e0
1.066667e0,5.762445e-1,-1.622060e0
1.100000e0,-3.837647e0,-1.186811e0
1.133333e0,-8.022229e0,-8.304123e-1
1.166667e0,-8.691884e0,-8.349335e-1
1.200000e0,-9.767905e0,-7.042227e-1
1.233333e0,-1.056088e1,-6.947551e-1
1.266667e0,-1.127428e1,-7.355844e-1
1.300000e0,-1.186367e1,-9.142725e-1
1.333333e0,-1.256900e1,-1.221434e0
1.366667e0,-1.349315e1,-1.145491e0
1.400000e0,-1.422631e1,-1.110766e0
1.433333e0,-1.470144e1,-1.492555e0
1.466667e0,-1.583176e1,-1.825563e0
1.500000e0,-1.696564e1,-2.177606e0
1.533333e0,-1.169799e1,-1.612465e0
1.566667e0,-9.061856e0,-1.378396e0
1.600000e0,-8.269429e0,-1.744519e0
1.633333e0,-4.417072e0,-1.526107e0
1.666667e0,2.296805e0,-2.044732e0
1.700000e0,8.422106e0,-2.338351e0
1.733333e0,1.103758e1,-2.831596e0
1.766667e0,1.083483e1,-2.836314e0
1.800000e0,8.874777e0,-2.805428e0
1.833333e0,7.381772e0,-2.498799e0
1.866667e0,7.335270e0,-2.428305e0
1.900000e0,7.898031e0,-2.545632e0
1.933333e0,8.847837e0,-2.550161e0
1.966667e0,9.836567e0,-2.764514e0
2.000000e0,1.024301e1,-2.712974e0
2.033333e0,8.863472e0,-2.778312e0
2.066667e0,5.903914e0,-2.375379e0
2.100000e0,1.512561e0,-1.878426e0
2.133333e0,-2.548083e0,-1.099418e0
2.166667e0,-4.964119e0,-1.155946e0
2.200000e0,-6.341863e0,-1.264552e0
2.233333e0,-7.538411e0,-1.179645e0
2.266667e0,-8.392103e0,-8.994473e-1
2.300000e0,-9.315455e0,-9.213331e-1
2.333333e0,-9.863268e0,-9.423666e-1
2.366667e0,-1.075993e1,-9.877516e-1
2.400000e0,-1.132410e1,-9.094395e-1
2.433333e0,-1.179661e1,-9.503551e-1
2.466667e0,-1.228900e1,-9.387482e-1
2.500000e0,-1.273885e1,-9.948583e-1
2.533333e0,-9.834751e0,-1.001362e0
2.566667e0,-7.425550e0,-5.207363e-1
2.600000e0,-7.028739e0,-9.323551e-1
2.633333e0,-3.067196e0,-8.185724e-1
2.666667e0,2.769033e0,-1.453413e0
2.700000e0,9.630694e0,-1.833579e0
2.733333e0,1.314472e1,-2.363603e0
2.766667e0,1.226519e1,-3.814153e0
2.800000e0,8.315089e0,-4.301653e0
2.833333e0,5.395921e0,-2.015705e0
2.866667e0,4.921147e0,-1.375256e0
2.900000e0,6.417858e0,-2.341565e0
2.933333e0,7.391876e0,-2.005992e0
2.966667e0,6.852793e0,-1.980179e0
3.000000e0,6.258090e0,-1.921646e0
3.033333e0,5.920411e0,-1.941607e0
3.066667e0,4.904248e0,-1.860077e0
3.100000e0,1.937579e0,-1.518757e0
3.133333e0,1.959312e-1,-1.433843e0
3.166667e0,-1.131358e0,-1.324138e0
3.200000e0,-1.747533e0,-1.359493e0
3.233333e0,-1.967478e0,-1.425691e0
3.266667e0,-3.543599e0,-1.546308e0
3.300000e0,-5.382504e0,-1.464992e0
3.333333e0,-6.367556e0,-1.407237e0
3.366667e0,-6.873007e0,-1.359781e0
3.400000e0,-7.458260e0,-1.341744e0
3.433333e0,-8.436093e0,-1.153755e0
3.466667e0,-9.624811e0,-1.143709e0
3.500000e0,-1.036697e1,-9.555026e-1
3.533333e0,-9.799490e0,-9.327933e-1
3.566667e0,-3.965992e0,-4.662916e-1
3.600000e0,-3.476334e0,-1.280699e0
3.633333e0,-2.061614e0,-1.311554e0
3.666667e0,1.795096e0,-1.985664e0
3.700000e0,7.827969e0,-3.471574e0
3.733333e0,1.315147e1,-2.918691e0
3.766667e0,1.426504e1,-2.889531e0
3.800000e0,1.320869e1,-2.921814e0
3.833333e0,1.223716e1,-2.570799e0
3.866667e0,1.213034e1,-2.678911e0
3.900000e0,1.261770e1,-2.726960e0
3.933333e0,1.327924e1,-2.819156e0
3.966667e0,1.373240e1,-2.795028e0
4.000000e0,1.330402e1,-2.831408e0
4.033333e0,1.280522e1,-2.832849e0
4.066667e0,1.172775e1,-2.660732e0
4.100000e0,8.841816e0,-2.285743e0
4.133333e0,4.754008e0,-1.664256e0
4.166667e0,1.944648e0,-1.732714e0
4.200000e0,1.362969e0,-1.599400e0
4.233333e0,-1.354106e-2,-1.585421e0
4.266667e0,-9.688445e-1,-1.510778e0
4.300000e0,-1.968633e0,-1.638064e0
4.333333e0,-3.423852e0,-1.982845e0
4.366667e0,-4.926797e0,-1.806641e0
4.400000e0,-5.999909e0,-1.824623e0
4.433333e0,-6.995871e0,-2.476657e0
4.466667e0,-7.931919e0,-2.410048e0
4.500000e0,-8.794653e0,-2.400100e0
4.533333e0,-9.512666e0,-2.642639e0
4.566667e0,-5.407743e0,-2.829921e0
4.600000e0,-1.001264e0,-1.457177e0
4.633333e0,-1.391647e-3,-2.353593e0
4.666667e0,3.302243e0,-2.279130e0
4.700000e0,9.807705e0,-3.402393e0
4.733333e0,1.683181e1,-4.791373e0
4.766667e0,2.017710e1,-5.335963e0
4.800000e0,1.964553e1,-2.891338e0
4.833333e0,1.521621e1,-1.908208e0
4.866667e0,1.131970e1,-4.221895e0
4.900000e0,1.215478e1,-3.415642e0
4.933333e0,1.363313e1,-3.317884e0
4.966667e0,1.464050e1,-3.708297e0
5.000000e0,1.424337e1,-3.468052e0
5.033333e0,1.328129e1,-3.531863e0
5.066667e0,1.309836e1,-3.377077e0
5.100000e0,1.131429e1,-3.464231e0
5.133333e0,8.345782e0,-2.956449e0
5.166667e0,6.830847e0,-2.892384e0
5.200000e0,5.397137e0,-2.788630e0
5.233333e0,4.526671e0,-2.505084e0
5.266667e0,3.775313e0,-2.427889e0
5.300000e0,2.879413e0,-2.653635e0
5.333333e0,1.932620e0,-2.591793e0
5.366667e0,8.208270e-1,-2.629176e0
5.400000e0,-7.771638e-1,-2.726870e0
5.433333e0,-2.216015e0,-2.723917e0
5.466667e0,-3.915226e0,-2.642292e0
5.500000e0,-5.588230e0,-2.674244e0
5.533333e0,-7.206842e0,-2.582919e0
5.566667e0,-5.985506e0,-2.633782e0
5.600000e0,1.479098e0,-2.171863e0
5.633333e0,3.759099e0,-2.284391e0
5.666667e0,4.947886e0,-2.312396e0
5.700000e0,9.349648e0,-3.144975e0
5.733333e0,1.477982e1,-3.671972e0
5.766667e0,1.814452e1,-3.210826e0
5.800000e0,1.863354e1,-3.263644e0
5.833333e0,1.804766e1,-3.207358e0
5.866667e0,1.719707e1,-3.319372e0
5.900000e0,1.762966e1,-3.237870e0
5.933333e0,1.851616e1,-3.131794e0
5.966667e0,1.906444e1,-3.230848e0
6.000000e0,1.905966e1,-3.269881e0
6.033333e0,1.865564e1,-3.256639e0
6.066667e0,1.818291e1,-3.251055e0
6.100000e0,1.706532e1,-3.194114e0
6.133333e0,1.405512e1,-2.991372e0
6.166667e0,9.718627e0,-2.774493e0
6.200000e0,7.864325e0,-2.753231e0
6.233333e0,7.249673e0,-2.577990e0
6.266667e0,6.137861e0,-2.450158e0
6.300000e0,5.084164e0,-2.307257e0
6.333333e0,3.961509e0,-2.245839e0
6.366667e0,2.895711e0,-2.193782e0
6.400000e0,2.124107e0,-2.374632e0
6.433333e0,1.144143e0,-2.055418e0
6.466667e0,-4.489563e-1,-2.137011e0
6.500000e0,-1.658862e0,-2.190990e0
6.533333e0,-2.902760e0,-2.280140e0
6.566667e0,-3.461820e0,-2.331459e0
6.600000e0,2.825718e0,-1.787365e0
6.633333e0,5.784701e0,-1.795449e0
6.666667e0,7.789912e0,-2.376476e0
6.700000e0,1.143140e1,-2.420105e0
6.733333e0,1.791626e1,-2.824390e0
6.766667e0,2.364685e1,-3.286462e0
6.800000e0,2.526831e1,-3.837616e0
6.833333e0,2.438700e1,-4.594570e0
6.866667e0,2.130420e1,-4.343604e0
6.900000e0,1.933628e1,-3.732548e0
6.933333e0,2.068929e1,-3.931811e0
6.966667e0,2.218661e1,-4.109404e0
7.000000e0,2.234736e1,-4.242451e0
7.033333e0,2.217475e1,-4.172943e0
7.066667e0,2.125915e1,-4.080051e0
7.100000e0,2.029176e1,-3.961197e0
7.133333e0,1.845453e1,-3.786855e0
7.166667e0,1.440162e1,-3.241425e0
7.200000e0,1.181897e1,-2.662268e0
7.233333e0,1.119522e1,-2.804972e0
7.266667e0,1.049791e1,-2.667507e0
7.300000e0,1.028530e1,-2.654654e0
7.333333e0,9.311473e0,-2.683847e0
7.366667e0,8.345479e0,-2.756773e0
7.400000e0,7.384307e0,-2.630802e0
7.433333e0,6.064178e0,-2.711762e0
7.466667e0,4.987992e0,-2.634007e0
7.500000e0,3.816348e0,-2.638591e0
7.533333e0,2.284632e0,-2.711667e0
7.566667e0,8.635537e-1,-2.653892e0
7.600000e0,3.972616e0,-2.734185e0
7.633333e0,9.753048e0,-2.403638e0
7.666667e0,1.076146e1,-2.881320e0
7.700000e0,1.325201e1,-2.847397e0
7.733333e0,1.957496e1,-3.712193e0
7.766667e0,2.637531e1,-5.021086e0
7.800000e0,2.901453e1,-5.705118e0
7.833333e0,2.797857e1,-4.114140e0
7.866667e0,2.361325e1,-2.964694e0
7.900000e0,2.058246e1,-5.566447e0
7.933333e0,2.299760e1,-4.722959e0
7.966667e0,2.377600e1,-4.375854e0
8.000000e0,2.285513e1,-4.609048e0
8.033333e0,2.230842e1,-4.425265e0
8.066667e0,2.301893e1,-4.541953e0
8.100000e0,2.274796e1,-4.441926e0
8.133333e0,2.055736e1,-4.348495e0
8.166667e0,1.886325e1,-3.985384e0
8.200000e0,1.778424e1,-3.948531e0
8.233333e0,1.638312e1,-3.832453e0
8.266667e0,1.546728e1,-3.858279e0
8.300000e0,1.432554e1,-3.652719e0
8.333333e0,1.277469e1,-3.576905e0
8.366667e0,1.082593e1,-3.151693e0
8.400000e0,8.547513e0,-3.176647e0
8.433333e0,6.585339e0,-3.281903e0
8.466667e0,5.244031e0,-3.083508e0
8.500000e0,4.382158e0,-2.781009e0
8.533333e0,3.736361e0,-2.716006e0
8.566667e0,3.041482e0,-2.320297e0
8.600000e0,3.862099e0,-2.690326e0
8.633333e0,1.081381e1,-2.758537e0
8.666667e0,1.475713e1,-2.942896e0
8.700000e0,1.572315e1,-3.155538e0
8.733333e0,1.850416e1,-3.080207e0
8.766667e0,2.295586e1,-4.154372e0
8.800000e0,2.745279e1,-4.845269e0
8.833333e0,2.899213e1,-4.854763e0
8.866667e0,2.885685e1,-5.120899e0
8.900000e0,2.794153e1,-4.799831e0
8.933333e0,2.753005e1,-4.794908e0
8.966667e0,2.801438e1,-4.861408e0
9.000000e0,2.851605e1,-4.915808e0
9.033333e0,2.894944e1,-4.899883e0
9.066667e0,2.886942e1,-4.859684e0
9.100000e0,2.842977e1,-4.825458e0
9.133333e0,2.705230e1,-4.796236e0
9.166667e0,2.422288e1,-4.197771e0
9.200000e0,2.001922e1,-3.591804e0
9.233333e0,1.855368e1,-3.504129e0
9.266667e0,1.771817e1,-3.557504e0
9.300000e0,1.665337e1,-3.339923e0
9.333333e0,1.559390e1,-3.278241e0
9.366667e0,1.459055e1,-3.376243e0
9.400000e0,1.378439e1,-3.042413e0
9.433333e0,1.262537e1,-2.680751e0
9.466667e0,1.119284e1,-2.858969e0
9.500000e0,9.370734e0,-2.865624e0
9.533333e0,7.762079e0,-2.774113e0
9.566667e0,6.400698e0,-2.654895e0
9.600000e0,5.423392e0,-2.369386e0
9.633333e0,1.097019e1,-2.449403e0
9.666667e0,1.601322e1,-2.380833e0
9.700000e0,1.722710e1,-2.972138e0
9.733333e0,2.011845e1,-3.187666e0
9.766667e0,2.653745e1,-3.910040e0
9.800000e0,3.327742e1,-4.730576e0
9.833333e0,3.623002e1,-5.251905e0
9.866667e0,3.383599e1,-5.020393e0
9.900000e0,2.978688e1,-3.350629e0
9.933333e0,2.802692e1,-4.335067e0
9.966667e0,3.038276e1,-4.284587e0
1.000000e1,3.190728e1,-4.291490e0
1.003333e1,3.142725e1,-4.486776e0
1.006667e1,3.025343e1,-4.201258e0
1.010000e1,3.045409e1,-4.334224e0
1.013333e1,3.045753e1,-4.297228e0
1.016667e1,2.796966e1,-3.996900e0
1.020000e1,2.436773e1,-3.568848e0
1.023333e1,2.303807e1,-3.351821e0
1.026667e1,2.205471e1,-3.337279e0
1.030000e1,2.108803e1,-3.381260e0
1.033333e1,1.998504e1,-3.339788e0
1.036667e1,1.867759e1,-3.428116e0
1.040000e1,1.762575e1,-3.439736e0
1.043333e1,1.660994e1,-3.445069e0
1.046667e1,1.525125e1,-3.427639e0
1.050000e1,1.409182e1,-3.253122e0
1.053333e1,1.259711e1,-3.209279e0
1.056667e1,1.131103e1,-3.163412e0
1.060000e1,1.032739e1,-2.984420e0
1.063333e1,1.286494e1,-2.806857e0
1.066667e1,1.959734e1,-3.306907e0
1.070000e1,2.158945e1,-3.893015e0
1.073333e1,2.257486e1,-3.855102e0
1.076667e1,2.667337e1,-4.342446e0
1.080000e1,3.299095e1,-4.655558e0
1.083333e1,3.662111e1,-4.752953e0
1.086667e1,3.692678e1,-5.594367e0
1.090000e1,3.546116e1,-5.762988e0
1.093333e1,3.411194e1,-4.678627e0
1.096667e1,3.437779e1,-5.129860e0
1.100000e1,3.553438e1,-5.189668e0
1.103333e1,3.588172e1,-5.286525e0
1.106667e1,3.561016e1,-5.313346e0
1.110000e1,3.525352e1,-5.175660e0
1.113333e1,3.490789e1,-5.226201e0
1.116667e1,3.391260e1,-4.882611e0
1.120000e1,3.039372e1,-4.447792e0
1.123333e1,2.603422e1,-4.176973e0
1.126667e1,2.489842e1,-4.095866e0
1.130000e1,2.399370e1,-3.951483e0
1.133333e1,2.289656e1,-3.735724e0
1.136667e1,2.191970e1,-3.507554e0
1.140000e1,2.062373e1,-3.217388e0
1.143333e1,2.010795e1,-3.396187e0
1.146667e1,1.908977e1,-3.428969e0
1.150000e1,1.769113e1,-3.179849e0
1.153333e1,1.664384e1,-3.014820e0
1.156667e1,1.526547e1,-3.051957e0
1.160000e1,1.378755e1,-2.973712e0
1.163333e1,1.362393e1,-2.933933e0
1.166667e1,2.015667e1,-3.220783e0
1.170000e1,2.262416e1,-3.299383e0
1.173333e1,2.358635e1,-3.618600e0
1.176667e1,2.833546e1,-3.969554e0
1.180000e1,3.537655e1,-5.446044e0
1.183333e1,4.075011e1,-5.693237e0
1.186667e1,4.215863e1,-5.746329e0
1.190000e1,4.027965e1,-6.882091e0
1.193333e1,3.691818e1,-6.757577e0
1.196667e1,3.525346e1,-4.551151e0
1.200000e1,3.582572e1,-5.194637e0
1.203333e1,3.686892e1,-5.994867e0
1.206667e1,3.685555e1,-5.703364e0
1.210000e1,3.619886e1,-5.638638e0
1.213333e1,3.633926e1,-5.572273e0
1.216667e1,3.580839e1,-5.529647e0
1.220000e1,3.331124e1,-4.964052e0
1.223333e1,3.049300e1,-4.714266e0
1.226667e1,2.946743e1,-4.614190e0
1.230000e1,2.848928e1,-4.483027e0
1.233333e1,2.750787e1,-4.282051e0
1.236667e1,2.655291e1,-3.964580e0
1.240000e1,2.591852e1,-3.748538e0
1.243333e1,2.500140e1,-3.451745e0
1.246667e1,2.355336e1,-3.440475e0
1.250000e1,2.158055e1,-3.076659e0
1.253333e1,1.968615e1,-2.810940e0
1.256667e1,1.815757e1,-2.372399e0
1.260000e1,1.706013e1,-2.223493e0
1.263333e1,1.623255e1,-2.254774e0
1.266667e1,2.109014e1,-2.348807e0
1.270000e1,2.702511e1,-2.975262e0
1.273333e1,2.748231e1,-3.706384e0
1.276667e1,3.002935e1,-3.810790e0
1.280000e1,3.449626e1,-5.112982e0
1.283333e1,3.988478e1,-5.319438e0
1.286667e1,4.289236e1,-4.887821e0
1.290000e1,4.270323e1,-4.900917e0
1.293333e1,4.124815e1,-5.327131e0
1.296667e1,4.059342e1,-4.911212e0
1.300000e1,4.077237e1,-5.251460e0
1.303333e1,4.148833e1,-5.139324e0
1.306667e1,4.216256e1,-5.189270e0
1.310000e1,4.225334e1,-5.200605e0
1.313333e1,4.178665e1,-5.143156e0
1.316667e1,4.099704e1,-5.163666e0
1.320000e1,3.919409e1,-4.840288e0
1.323333e1,3.586541e1,-4.881315e0
1.326667e1,3.202217e1,-4.371596e0
1.330000e1,3.079731e1,-3.925550e0
1.333333e1,3.002405e1,-3.853979e0
1.336667e1,2.936833e1,-3.679675e0
1.340000e1,2.846387e1,-3.707910e0
1.343333e1,2.705837e1,-3.438261e0
1.346667e1,2.577640e1,-3.314233e0
1.350000e1,2.487641e1,-3.407537e0
1.353333e1,2.408514e1,-3.234916e0
1.356667e1,2.351580e1,-3.238647e0
1.360000e1,2.286384e1,-3.261496e0
1.363333e1,2.156856e1,-2.879705e0
1.366667e1,2.157264e1,-3.310424e0
1.370000e1,2.699013e1,-3.391353e0
1.373333e1,2.851628e1,-3.325147e0
1.376667e1,3.033463e1,-3.778646e0
1.380000e1,3.516881e1,-4.335855e0
1.383333e1,4.192696e1,-4.528828e0
1.386667e1,4.612753e1,-4.314000e0
1.390000e1,4.649812e1,-5.285458e0
1.393333e1,4.469932e1,-6.127325e0
1.396667e1,4.274261e1,-5.789196e0
1.400000e1,4.270088e1,-5.222211e0
1.403333e1,4.370612e1,-5.762400e0
1.406667e1,4.439704e1,-5.781941e0
1.410000e1,4.469122e1,-5.663311e0
1.413333e1,4.460439e1,-5.689289e0
1.416667e1,4.375677e1,-5.681639e0
1.420000e1,4.226871e1,-5.382025e0
1.423333e1,3.963173e1,-5.024106e0
1.426667e1,3.626260e1,-4.200796e0
1.430000e1,3.382087e1,-3.605468e0
1.433333e1,3.245887e1,-3.701989e0
1.436667e1,3.140463e1,-3.599781e0
1.440000e1,3.042143e1,-3.774656e0
1.443333e1,2.935952e1,-4.037008e0
1.446667e1,2.833022e1,-3.870465e0
1.450000e1,2.744350e1,-3.573823e0
1.453333e1,2.632605e1,-3.676890e0
1.456667e1,2.520139e1,-3.659654e0
1.460000e1,2.447139e1,-3.558884e0
1.463333e1,2.357556e1,-3.585218e0
1.466667e1,2.306143e1,-3.617288e0
1.470000e1,2.855097e1,-3.681948e0
1.473333e1,3.093447e1,-4.016109e0
1.476667e1,3.241664e1,-4.284776e0
1.480000e1,3.597954e1,-4.752792e0
1.483333e1,4.257690e1,-5.740742e0
1.486667e1,4.845175e1,-5.876228e0
1.490000e1,5.066358e1,-5.898185e0
1.493333e1,4.817048e1,-7.153630e0
1.496667e1,4.394132e1,-7.736257e0
1.500000e1,4.327937e1,-6.133869e0
1.503333e1,4.479818e1,-7.075808e0
1.506667e1,4.531672e1,-7.155472e0
1.510000e1,4.469379e1,-6.806626e0
1.513333e1,4.471446e1,-6.925090e0
1.516667e1,4.511019e1,-7.002738e0
1.520000e1,4.407643e1,-6.764836e0
1.523333e1,4.203987e1,-6.344764e0
1.526667e1,4.012060e1,-5.997276e0
1.530000e1,3.831837e1,-5.851258e0
1.533333e1,3.725182e1,-5.595840e0
1.536667e1,3.676877e1,-5.660339e0
1.540000e1,3.586313e1,-5.629197e0
1.543333e1,3.437649e1,-5.401989e0
1.546667e1,3.315857e1,-5.381070e0
1.550000e1,3.266829e1,-5.248948e0
1.553333e1,3.195769e1,-5.184725e0
1.556667e1,3.163639e1,-5.180293e0
1.560000e1,3.121201e1,-4.990092e0
1.563333e1,3.077727e1,-5.140207e0
1.566667e1,3.046295e1,-5.162047e0
1.570000e1,3.349734e1,-5.281862e0
1.573333e1,3.592093e1,-4.977146e0
1.576667e1,3.656187e1,-5.634099e0
1.580000e1,3.942305e1,-5.754718e0
1.583333e1,4.457960e1,-7.197186e0
1.586667e1,5.080903e1,-7.954183e0
1.590000e1,5.353517e1,-8.791323e0
1.593333e1,5.280162e1,-9.008676e0
1.596667e1,5.108646e1,-7.713370e0
1.600000e1,5.060813e1,-7.709913e0
1.603333e1,5.142370e1,-7.720540e0
1.606667e1,5.207711e1,-7.801536e0
1.610000e1,5.258324e1,-7.929571e0
1.613333e1,5.257377e1,-7.870168e0
1.616667e1,5.209258e1,-7.816108e0
1.620000e1,5.160956e1,-7.834187e0
1.623333e1,5.011840e1,-7.749748e0
1.626667e1,4.703490e1,-6.904627e0
1.630000e1,4.286528e1,-6.164138e0
1.633333e1,4.127075e1,-5.664736e0
1.636667e1,4.063308e1,-5.767987e0
1.640000e1,3.971355e1,-5.675525e0
1.643333e1,3.829631e1,-5.652774e0
1.646667e1,3.646224e1,-5.879714e0
1.650000e1,3.499345e1,-6.106024e0
1.653333e1,3.356693e1,-6.404810e0
1.656667e1,3.205146e1,-6.206664e0
1.660000e1,3.121454e1,-6.190831e0
1.663333e1,3.060262e1,-6.035387e0
1.666667e1,2.990081e1,-5.998087e0
1.670000e1,3.037351e1,-6.053181e0
1.673333e1,3.672384e1,-5.589191e0
1.676667e1,3.894141e1,-5.266207e0
1.680000e1,4.070867e1,-6.121428e0
1.683333e1,4.552952e1,-7.059921e0
1.686667e1,5.218468e1,-8.646285e0
1.690000e1,5.734736e1,-8.995973e0
1.693333e1,5.840545e1,-8.697421e0
1.696667e1,5.548822e1,-7.240645e0
1.700000e1,5.237122e1,-6.225989e0
1.703333e1,5.139503e1,-7.256686e0
1.706667e1,5.295641e1,-7.293782e0
1.710000e1,5.403646e1,-7.410931e0
1.713333e1,5.443441e1,-7.740443e0
1.716667e1,5.390838e1,-7.536467e0
1.720000e1,5.305376e1,-7.463121e0
1.723333e1,5.210262e1,-7.350882e0
1.726667e1,4.974620e1,-7.140925e0
1.730000e1,4.697823e1,-6.413354e0
1.733333e1,4.556141e1,-6.314530e0
1.736667e1,4.460869e1,-6.317260e0
1.740000e1,4.408086e1,-6.288252e0
1.743333e1,4.314665e1,-6.286252e0
1.746667e1,4.173212e1,-6.267485e0
1.750000e1,4.069900e1,-6.030972e0
1.753333e1,3.982106e1,-6.036563e0
1.756667e1,3.957676e1,-5.967401e0
1.760000e1,3.904339e1,-5.887765e0
1.763333e1,3.828133e1,-5.836902e0
1.766667e1,3.747537e1,-5.766523e0
1.770000e1,3.658804e1,-5.576611e0
1.773333e1,4.001967e1,-5.711769e0
1.776667e1,4.272678e1,-5.775705e0
1.780000e1,4.379402e1,-6.222145e0
1.783333e1,4.756082e1,-6.357955e0
1.786667e1,5.325913e1,-7.244877e0
1.790000e1,5.811987e1,-8.657053e0
1.793333e1,5.942459e1,-9.693914e0
1.796667e1,5.773419e1,-9.379336e0
1.800000e1,5.645772e1,-7.954609e0
1.803333e1,5.603645e1,-8.754681e0
1.806667e1,5.700860e1,-8.678400e0
1.810000e1,5.748198e1,-8.922258e0
1.813333e1,5.742241e1,-8.747751e0
1.816667e1,5.696687e1,-8.729252e0
1.820000e1,5.699250e1,-8.786605e0
1.823333e1,5.682488e1,-8.613446e0
1.826667e1,5.499133e1,-8.300356e0
1.830000e1,5.153369e1,-7.385183e0
1.833333e1,4.908170e1,-6.545667e0
1.836667e1,4.815096e1,-6.752717e0
1.840000e1,4.761757e1,-6.623068e0
1.843333e1,4.654620e1,-6.510839e0
1.846667e1,4.550578e1,-6.224880e0
1.850000e1,4.466855e1,-6.094361e0
1.853333e1,4.356003e1,-6.050277e0
1.856667e1,4.271741e1,-5.876031e0
1.860000e1,4.211513e1,-5.838662e0
1.863333e1,4.125059e1,-5.746945e0
1.866667e1,4.031860e1,-5.741319e0
1.870000e1,3.965060e1,-5.623660e0
1.873333e1,4.133088e1,-5.896033e0
1.876667e1,4.608070e1,-5.687071e0
1.880000e1,4.668851e1,-6.168105e0
1.883333e1,4.943677e1,-6.709361e0
1.886667e1,5.490849e1,-8.026726e0
1.890000e1,6.177280e1,-9.672091e0
1.893333e1,6.484366e1,-1.093467e1
1.896667e1,6.426775e1,-1.010297e1
1.900000e1,6.174812e1,-8.498897e0
1.903333e1,5.990598e1,-8.137526e0
1.906667e1,6.090429e1,-8.668816e0
1.910000e1,6.227555e1,-8.680048e0
1.913333e1,6.276460e1,-8.746816e0
1.916667e1,6.269219e1,-8.918997e0
1.920000e1,6.217980e1,-8.713161e0
1.923333e1,6.174124e1,-8.697871e0
1.926667e1,6.072964e1,-8.458161e0
1.930000e1,5.788239e1,-8.006551e0
1.933333e1,5.400107e1,-6.972794e0
1.936667e1,5.251837e1,-6.646072e0
1.940000e1,5.194226e1,-6.689688e0
1.943333e1,5.142471e1,-6.571154e0
1.946667e1,5.025247e1,-6.458065e0
1.950000e1,4.889428e1,-6.237418e0
1.953333e1,4.825300e1,-6.230590e0
1.956667e1,4.821810e1,-6.238716e0
1.960000e1,4.783209e1,-6.226042e0
1.963333e1,4.700720e1,-6.181628e0
1.966667e1,4.626201e1,-6.116813e0
1.970000e1,4.571649e1,-6.160755e0
1.973333e1,4.605474e1,-6.216079e0
1.976667e1,5.043969e1,-6.586210e0
1.980000e1,5.105823e1,-6.732743e0
1.983333e1,5.247204e1,-7.191733e0
1.986667e1,5.653389e1,-7.263457e0
1.990000e1,6.269967e1,-9.220736e0
1.993333e1,6.724878e1,-1.070737e1
1.996667e1,6.759355e1,-1.121255e1
2.000000e1,6.470916e1,-1.015139e1
2.003333e1,6.283902e1,-8.212574e0
2.006667e1,6.370134e1,-8.966678e0
2.010000e1,6.526642e1,-9.590914e0
2.013333e1,6.535538e1,-9.570939e0
2.016667e1,6.463547e1,-9.250537e0
2.020000e1,6.465172e1,-9.350976e0
2.023333e1,6.483615e1,-9.561055e0
2.026667e1,6.387563e1,-9.418511e0
2.030000e1,6.130457e1,-8.738073e0
2.033333e1,5.847075e1,-8.071887e0
2.036667e1,5.711472e1,-7.829411e0
2.040000e1,5.632125e1,-7.806403e0
2.043333e1,5.591175e1,-7.844943e0
2.046667e1,5.521880e1,-7.850301e0
2.050000e1,5.398497e1,-7.736187e0
2.053333e1,5.351051e1,-7.451536e0
2.056667e1,5.286319e1,-7.301290e0
2.060000e1,5.155368e1,-7.271969e0
2.063333e1,5.011090e1,-6.928781e0
2.066667e1,4.847050e1,-6.723908e0
2.070000e1,4.703092e1,-6.384787e0
2.073333e1,4.598302e1,-6.272683e0
2.076667e1,4.981506e1,-6.788890e0
2.080000e1,5.523652e1,-7.346159e0
2.083333e1,5.680021e1,-8.899459e0
2.086667e1,5.935957e1,-8.840379e0
2.090000e1,6.374944e1,-9.744006e0
2.093333e1,6.937954e1,-1.117015e1
2.096667e1,7.245027e1,-1.190085e1
2.100000e1,7.170305e1,-1.194469e1
2.103333e1,6.933343e1,-1.058787e1
2.106667e1,6.793329e1,-9.575294e0
2.110000e1,6.822092e1,-1.044057e1
2.113333e1,6.916235e1,-1.049552e1
2.116667e1,6.938853e1,-1.043777e1
2.120000e1,6.903383e1,-1.047088e1
2.123333e1,6.884599e1,-1.026695e1
2.126667e1,6.854775e1,-1.038111e1
2.130000e1,6.695658e1,-9.999876e0
2.133333e1,6.390590e1,-9.209927e0
2.136667e1,6.208758e1,-9.160906e0
2.140000e1,6.098102e1,-9.177888e0
2.143333e1,5.995303e1,-9.116061e0
2.146667e1,5.951304e1,-9.175019e0
2.150000e1,5.890284e1,-9.328145e0
2.153333e1,5.767796e1,-9.299276e0
2.156667e1,5.647968e1,-8.658957e0
2.160000e1,5.542680e1,-8.067492e0
2.163333e1,5.458703e1,-8.016849e0
2.166667e1,5.405653e1,-8.169459e0
2.170000e1,5.324281e1,-8.156396e0
2.173333e1,5.250821e1,-7.838569e0
2.176667e1,5.349102e1,-8.204392e0
2.180000e1,5.888590e1,-8.138243e0
2.183333e1,6.021683e1,-8.439366e0
2.186667e1,6.171315e1,-8.571810e0
2.190000e1,6.621867e1,-9.337675e0
2.193333e1,7.352172e1,-1.112751e1
2.196667e1,7.888321e1,-1.187227e1
2.200000e1,7.845188e1,-1.150213e1
2.203333e1,7.496205e1,-1.059898e1
2.206667e1,7.266802e1,-9.792453e0
2.210000e1,7.348456e1,-1.009526e1
2.213333e1,7.505056e1,-1.038987e1
2.216667e1,7.594240e1,-1.041674e1
2.220000e1,7.512389e1,-1.041564e1
2.223333e1,7.459500e1,-1.026011e1
2.226667e1,7.463211e1,-1.031608e1
2.230000e1,7.379458e1,-1.024149e1
2.233333e1,7.075620e1,-9.815169e0
2.236667e1,6.685448e1,-9.351765e0
2.240000e1,6.574160e1,-9.146874e0
2.243333e1,6.488550e1,-8.965679e0
2.246667e1,6.451596e1,-8.911082e0
2.250000e1,6.387593e1,-8.779696e0
2.253333e1,6.320265e1,-8.752766e0
2.256667e1,6.240913e1,-8.583367e0
2.260000e1,6.154423e1,-8.351835e0
2.263333e1,6.120143e1,-8.304602e0
2.266667e1,6.036590e1,-8.310051e0
2.270000e1,5.888155e1,-8.330435e0
2.273333e1,5.743235e1,-8.177651e0
2.276667e1,5.648642e1,-8.218298e0
2.280000e1,6.209715e1,-8.806043e0
2.283333e1,6.470196e1,-8.624414e0
2.286667e1,6.556387e1,-9.229087e0
2.290000e1,6.949156e1,-9.682717e0
2.293333e1,7.610949e1,-1.066131e1
2.296667e1,8.248252e1,-1.162888e1
2.300000e1,8.488593e1,-1.248679e1
2.303333e1,8.238211e1,-1.127838e1
2.306667e1,7.805736e1,-1.060795e1
2.310000e1,7.707535e1,-1.068558e1
2.313333e1,7.840215e1,-1.065197e1
2.316667e1,7.950149e1,-1.109874e1
2.320000e1,8.043615e1,-1.121330e1
2.323333e1,8.006559e1,-1.126231e1
2.326667e1,7.909953e1,-1.114453e1
2.330000e1,7.856583e1,-1.102992e1
2.333333e1,7.680848e1,-1.069776e1
2.336667e1,7.320600e1,-1.017712e1
2.340000e1,7.089450e1,-1.004767e1
2.343333e1,7.026511e1,-1.012503e1
2.346667e1,6.971253e1,-9.989030e0
2.350000e1,6.916878e1,-9.850469e0
2.353333e1,6.868750e1,-9.866320e0
2.356667e1,6.740733e1,-9.839242e0
2.360000e1,6.582246e1,-9.760551e0
2.363333e1,6.451732e1,-9.887861e0
2.366667e1,6.334081e1,-9.656813e0
2.370000e1,6.220530e1,-9.560745e0
2.373333e1,6.125473e1,-9.320873e0
2.376667e1,6.076885e1,-9.154308e0
2.380000e1,6.371973e1,-9.861229e0
2.383333e1,6.878856e1,-1.013828e1
2.386667e1,6.928551e1,-1.067557e1
2.390000e1,7.189599e1,-1.070794e1
2.393333e1,7.715629e1,-1.196631e1
2.396667e1,8.376705e1,-1.309164e1
2.400000e1,8.746695e1,-1.301013e1
2.403333e1,8.601151e1,-1.313333e1
2.406667e1,8.170403e1,-1.502459e1
2.410000e1,8.006756e1,-1.251052e1
2.413333e1,8.126334e1,-1.215103e1
2.416667e1,8.205163e1,-1.336992e1
2.420000e1,8.123171e1,-1.268938e1
2.423333e1,8.117673e1,-1.278005e1
2.426667e1,8.161538e1,-1.278223e1
2.430000e1,8.118156e1,-1.277442e1
2.433333e1,7.964529e1,-1.241135e1
2.436667e1,7.811443e1,-1.235760e1
2.440000e1,7.669141e1,-1.218111e1
2.443333e1,7.561179e1,-1.194354e1
2.446667e1,7.471332e1,-1.184613e1
2.450000e1,7.341806e1,-1.173919e1
2.453333e1,7.186362e1,-1.171829e1
2.456667e1,7.073719e1,-1.199319e1
2.460000e1,6.975645e1,-1.177646e1
2.463333e1,6.848687e1,-1.138722e1
2.466667e1,6.688160e1,-1.116462e1
2.470000e1,6.572170e1,-1.084683e1
2.473333e1,6.463718e1,-1.070920e1
2.476667e1,6.382568e1,-1.072091e1
2.480000e1,6.427232e1,-1.066759e1
2.483333e1,7.066684e1,-1.084289e1
2.486667e1,7.371479e1,-1.178515e1
2.490000e1,7.418933e1,-1.179830e1
2.493333e1,7.757566e1,-1.218856e1
2.496667e1,8.204490e1,-1.317206e1
2.500000e1,8.586289e1,-1.352278e1
2.503333e1,8.691592e1,-1.459484e1
2.506667e1,8.646607e1,-1.459798e1
2.510000e1,8.631236e1,-1.401312e1
2.513333e1,8.646652e1,-1.446592e1
2.516667e1,8.691838e1,-1.441584e1
2.520000e1,8.692423e1,-1.444003e1
2.523333e1,8.691103e1,-1.443038e1
2.526667e1,8.689775e1,-1.442006e1
2.530000e1,8.686857e1,-1.438188e1
2.533333e1,8.595669e1,-1.437391e1
2.536667e1,8.343887e1,-1.355504e1
2.540000e1,7.949884e1,-1.250660e1
2.543333e1,7.791876e1,-1.245104e1
2.546667e1,7.713908e1,-1.241869e1
2.550000e1,7.612352e1,-1.227796e1
2.553333e1,7.514245e1,-1.216180e1
2.556667e1,7.368504e1,-1.249418e1
2.560000e1,7.271838e1,-1.262400e1
2.563333e1,7.170937e1,-1.256715e1
2.566667e1,7.104857e1,-1.234090e1
2.570000e1,7.057859e1,-1.229706e1
2.573333e1,6.968552e1,-1.244981e1
2.576667e1,6.858364e1,-1.256543e1
2.580000e1,6.721196e1,-1.251992e1
2.583333e1,7.117013e1,-1.263603e1
2.586667e1,7.594649e1,-1.174486e1
2.590000e1,7.703668e1,-1.267289e1
2.593333e1,7.923899e1,-1.261822e1
2.596667e1,8.545984e1,-1.358625e1
2.600000e1,9.169093e1,-1.557135e1
2.603333e1,9.383314e1,-1.748867e1
2.606667e1,9.232255e1,-1.652624e1
2.610000e1,8.981101e1,-1.506690e1
2.613333e1,8.890409e1,-1.567398e1
2.616667e1,9.034453e1,-1.558025e1
2.620000e1,9.128464e1,-1.604317e1
2.623333e1,9.177618e1,-1.609774e1
2.626667e1,9.135225e1,-1.617578e1
2.630000e1,9.067906e1,-1.586314e1
2.633333e1,9.017374e1,-1.571633e1
2.636667e1,8.866207e1,-1.555618e1
2.640000e1,8.543011e1,-1.464426e1
2.643333e1,8.243524e1,-1.345670e1
2.646667e1,8.134879e1,-1.342252e1
2.650000e1,8.018887e1,-1.317918e1
2.653333e1,7.905479e1,-1.317390e1
2.656667e1,7.844894e1,-1.314795e1
2.660000e1,7.854096e1,-1.313696e1
2.663333e1,7.820091e1,-1.319669e1
2.666667e1,7.760199e1,-1.322407e1
2.670000e1,7.655064e1,-1.314938e1
2.673333e1,7.600010e1,-1.282838e1
2.676667e1,7.567567e1,-1.287402e1
2.680000e1,7.543075e1,-1.278367e1
2.683333e1,7.747019e1,-1.305519e1
2.686667e1,8.086957e1,-1.316478e1
2.690000e1,8.107614e1,-1.409954e1
2.693333e1,8.396939e1,-1.419408e1
2.696667e1,8.924179e1,-1.552337e1
2.700000e1,9.566961e1,-1.753253e1
2.703333e1,9.874086e1,-1.930745e1
2.706667e1,9.814357e1,-1.907146e1
2.710000e1,9.525598e1,-1.681692e1
2.713333e1,9.229873e1,-1.556079e1
2.716667e1,9.267806e1,-1.736407e1
2.720000e1,9.430824e1,-1.726312e1
2.723333e1,9.370214e1,-1.730018e1
2.726667e1,9.316106e1,-1.695846e1
2.730000e1,9.365217e1,-1.705387e1
2.733333e1,9.368983e1,-1.708412e1
2.736667e1,9.224284e1,-1.655525e1
2.740000e1,9.018455e1,-1.576694e1
2.743333e1,8.890694e1,-1.564176e1
2.746667e1,8.741470e1,-1.532445e1
2.750000e1,8.593373e1,-1.511406e1
2.753333e1,8.500259e1,-1.516966e1
2.756667e1,8.438587e1,-1.513386e1
2.760000e1,8.303312e1,-1.520533e1
2.763333e1,8.202686e1,-1.470105e1
2.766667e1,8.106259e1,-1.479698e1
2.770000e1,7.999974e1,-1.472808e1
2.773333e1,7.895687e1,-1.458092e1
2.776667e1,7.805339e1,-1.444318e1
2.780000e1,7.758224e1,-1.434146e1
2.783333e1,7.777726e1,-1.452201e1
2.786667e1,8.345638e1,-1.471720e1
2.790000e1,8.495215e1,-1.505437e1
2.793333e1,8.594032e1,-1.523681e1
2.796667e1,8.979641e1,-1.579371e1
2.800000e1,9.444813e1,-1.706695e1
2.803333e1,9.842395e1,-1.856951e1
2.806667e1,1.004235e2,-1.895763e1
2.810000e1,1.006787e2,-1.878554e1
2.813333e1,1.001132e2,-1.865551e1
2.816667e1,9.974956e1,-1.855982e1
2.820000e1,1.000887e2,-1.860475e1
2.823333e1,1.003141e2,-1.862108e1
2.826667e1,1.006415e2,-1.864375e1
2.830000e1,1.008756e2,-1.868728e1
2.833333e1,1.007618e2,-1.862521e1
2.836667e1,9.966355e1,-1.854877e1
2.840000e1,9.717782e1,-1.786188e1
2.843333e1,9.328280e1,-1.700372e1
2.846667e1,9.017649e1,-1.607776e1
2.850000e1,8.965703e1,-1.577069e1
2.853333e1,8.833574e1,-1.567496e1
2.856667e1,8.711551e1,-1.562807e1
2.860000e1,8.640625e1,-1.537191e1
2.863333e1,8.518934e1,-1.541921e1
2.866667e1,8.387856e1,-1.509324e1
2.870000e1,8.268923e1,-1.503943e1
2.873333e1,8.179579e1,-1.499106e1
2.876667e1,8.102820e1,-1.473072e1
2.880000e1,8.018959e1,-1.468452e1
2.883333e1,7.962839e1,-1.454614e1
2.886667e1,8.324120e1,-1.536347e1
2.890000e1,8.693437e1,-1.495128e1
2.893333e1,8.749471e1,-1.567609e1
2.896667e1,9.076292e1,-1.590755e1
2.900000e1,9.607383e1,-1.781229e1
2.903333e1,1.025075e2,-1.999125e1
2.906667e1,1.060846e2,-2.048043e1
2.910000e1,1.054333e2,-1.992652e1
2.913333e1,1.026550e2,-1.949332e1
2.916667e1,1.011130e2,-1.879444e1
2.920000e1,1.016312e2,-1.861220e1
2.923333e1,1.025131e2,-1.907452e1
2.926667e1,1.034790e2,-1.906008e1
2.930000e1,1.039931e2,-1.929127e1
2.933333e1,1.034984e2,-1.928196e1
2.936667e1,1.024184e2,-1.897117e1
2.940000e1,1.005281e2,-1.844116e1
2.943333e1,9.727333e1,-1.800760e1
2.946667e1,9.378576e1,-1.694169e1
2.950000e1,9.279860e1,-1.665504e1
2.953333e1,9.185439e1,-1.663874e1
2.956667e1,9.071476e1,-1.645515e1
2.960000e1,8.902157e1,-1.681082e1
2.963333e1,8.726785e1,-1.650893e1
2.966667e1,8.560062e1,-1.594181e1
2.970000e1,8.347965e1,-1.569930e1
2.973333e1,8.209182e1,-1.614286e1
2.976667e1,8.297849e1,-1.604838e1
2.980000e1,8.298776e1,-1.606853e1
2.983333e1,8.244889e1,-1.595279e1
2.986667e1,8.341879e1,-1.605520e1
2.990000e1,8.856918e1,-1.592877e1
2.993333e1,9.075979e1,-1.628174e1
2.996667e1,9.350790e1,-1.747805e1
3.000000e1,9.880918e1,-1.829345e1
3.003333e1,1.051547e2,-1.931471e1
3.006667e1,1.091024e2,-2.110242e1
3.010000e1,1.081997e2,-2.242196e1
3.013333e1,1.045241e2,-2.107698e1
3.016667e1,1.023508e2,-1.812827e1
3.020000e1,1.027617e2,-1.958355e1
3.023333e1,1.045453e2,-2.024947e1
3.026667e1,1.049103e2,-2.000984e1
3.030000e1,1.039337e2,-2.003217e1
3.033333e1,1.038103e2,-1.990533e1
3.036667e1,1.041075e2,-2.005224e1
3.040000e1,1.030712e2,-1.978085e1
3.043333e1,1.002802e2,-1.928069e1
3.046667e1,9.855200e1,-1.881841e1
3.050000e1,9.755891e1,-1.871409e1
3.053333e1,9.674736e1,-1.857139e1
3.056667e1,9.577507e1,-1.855137e1
3.060000e1,9.552760e1,-1.852727e1
3.063333e1,9.520290e1,-1.845652e1
3.066667e1,9.486431e1,-1.879440e1
3.070000e1,9.370119e1,-1.868830e1
3.073333e1,9.162956e1,-1.896442e1
3.076667e1,8.998355e1,-1.882931e1
3.080000e1,8.896227e1,-1.855679e1
3.083333e1,8.782943e1,-1.853428e1
3.086667e1,8.712325e1,-1.857651e1
3.090000e1,9.231621e1,-1.911267e1
3.093333e1,9.717989e1,-1.880824e1
3.096667e1,9.816703e1,-1.945375e1
3.100000e1,1.005921e2,-1.953736e1
3.103333e1,1.066978e2,-2.172338e1
3.106667e1,1.128816e2,-2.366618e1
3.110000e1,1.154121e2,-2.423316e1
3.113333e1,1.138937e2,-2.431793e1
3.116667e1,1.106674e2,-2.389874e1
3.120000e1,1.086380e2,-2.287087e1
3.123333e1,1.095606e2,-2.280711e1
3.126667e1,1.109984e2,-2.347682e1
3.130000e1,1.121445e2,-2.370120e1
3.133333e1,1.117719e2,-2.376171e1
3.136667e1,1.104996e2,-2.326819e1
3.140000e1,1.097430e2,-2.291453e1
3.143333e1,1.082620e2,-2.240579e1
3.146667e1,1.047753e2,-2.123785e1
3.150000e1,1.028714e2,-2.046311e1
3.153333e1,1.023037e2,-2.044511e1
3.156667e1,1.011268e2,-2.039449e1
3.160000e1,9.954145e1,-2.040095e1
3.163333e1,9.789351e1,-2.031454e1
3.166667e1,9.744569e1,-2.037324e1
3.170000e1,9.742877e1,-2.037291e1
3.173333e1,9.749222e1,-2.040745e1
3.176667e1,9.651707e1,-2.044544e1
3.180000e1,9.538514e1,-1.965147e1
3.183333e1,9.434663e1,-1.933668e1
3.186667e1,9.360056e1,-1.944321e1
3.190000e1,9.664036e1,-1.963177e1
3.193333e1,1.008715e2,-2.020728e1
3.196667e1,1.009103e2,-2.155092e1
3.200000e1,1.040122e2,-2.127088e1
3.203333e1,1.072537e2,-2.165246e1
3.206667e1,1.113479e2,-2.261963e1
3.210000e1,1.144974e2,-2.444531e1
3.213333e1,1.155338e2,-2.490658e1
3.216667e1,1.146801e2,-2.347245e1
3.220000e1,1.125550e2,-2.356742e1
3.223333e1,1.116738e2,-2.505853e1
3.226667e1,1.125721e2,-2.410194e1
3.230000e1,1.127395e2,-2.450790e1
3.233333e1,1.127009e2,-2.448617e1
3.236667e1,1.125464e2,-2.424514e1
3.240000e1,1.122285e2,-2.442916e1
3.243333e1,1.107578e2,-2.402973e1
3.246667e1,1.081501e2,-2.311451e1
3.250000e1,1.066903e2,-2.270056e1
3.253333e1,1.056477e2,-2.262248e1
3.256667e1,1.045899e2,-2.250554e1
3.260000e1,1.038724e2,-2.236735e1
3.263333e1,1.036256e2,-2.237738e1
3.266667e1,1.028579e2,-2.237981e1
3.270000e1,1.018314e2,-2.197295e1
3.273333e1,1.008686e2,-2.136097e1
3.276667e1,9.967917e1,-2.093647e1
3.280000e1,9.860388e1,-2.051845e1
3.283333e1,9.752721e1,-2.013068e1
3.286667e1,9.647952e1,-1.968053e1
3.290000e1,9.640120e1,-1.954927e1
3.293333e1,1.023134e2,-2.039478e1
3.296667e1,1.047244e2,-2.150254e1
3.300000e1,1.062592e2,-2.200720e1
3.303333e1,1.102409e2,-2.322304e1
3.306667e1,1.156139e2,-2.555836e1
3.310000e1,1.195248e2,-2.760812e1
3.313333e1,1.200628e2,-2.691239e1
3.316667e1,1.184243e2,-2.397368e1
3.320000e1,1.151608e2,-2.540859e1
3.323333e1,1.161962e2,-2.612441e1
3.326667e1,1.175095e2,-2.585342e1
3.330000e1,1.170296e2,-2.595536e1
3.333333e1,1.165417e2,-2.579925e1
3.336667e1,1.170554e2,-2.593270e1
3.340000e1,1.171309e2,-2.601957e1
3.343333e1,1.161009e2,-2.562704e1
3.346667e1,1.140562e2,-2.481678e1
3.350000e1,1.122317e2,-2.446837e1
3.353333e1,1.107764e2,-2.409045e1
3.356667e1,1.097326e2,-2.355776e1
3.360000e1,1.087524e2,-2.342856e1
3.363333e1,1.076735e2,-2.302254e1
3.366667e1,1.068413e2,-2.290235e1
3.370000e1,1.066561e2,-2.250877e1
3.373333e1,1.058248e2,-2.227198e1
3.376667e1,1.048702e2,-2.232094e1
3.380000e1,1.042053e2,-2.196751e1
3.383333e1,1.028978e2,-2.154533e1
3.386667e1,1.012860e2,-2.107122e1
3.390000e1,9.934141e1,-2.069300e1
3.393333e1,1.028923e2,-2.152680e1
3.396667e1,1.077433e2,-2.209877e1
3.400000e1,1.091538e2,-2.260843e1
3.403333e1,1.117389e2,-2.340770e1
3.406667e1,1.167437e2,-2.474912e1
3.410000e1,1.213902e2,-2.637856e1
3.413333e1,1.230237e2,-2.745198e1
3.416667e1,1.225149e2,-2.740096e1
3.420000e1,1.210793e2,-2.656733e1
3.423333e1,1.209395e2,-2.643461e1
3.426667e1,1.215457e2,-2.690064e1
3.430000e1,1.219744e2,-2.682780e1
3.433333e1,1.219945e2,-2.687562e1
3.436667e1,1.218556e2,-2.670882e1
3.440000e1,1.215608e2,-2.689937e1
3.443333e1,1.214442e2,-2.666522e1
3.446667e1,1.197818e2,-2.626572e1
3.450000e1,1.156676e2,-2.503863e1
3.453333e1,1.130429e2,-2.370629e1
3.456667e1,1.124839e2,-2.379416e1
3.460000e1,1.116486e2,-2.345592e1
3.463333e1,1.111617e2,-2.332735e1
3.466667e1,1.105868e2,-2.328601e1
3.470000e1,1.101094e2,-2.327341e1
3.473333e1,1.088200e2,-2.328543e1
3.476667e1,1.076783e2,-2.253833e1
3.480000e1,1.067206e2,-2.187169e1
3.483333e1,1.056555e2,-2.181417e1
3.486667e1,1.047929e2,-2.164484e1
3.490000e1,1.038760e2,-2.154137e1
3.493333e1,1.052587e2,-2.192995e1
3.496667e1,1.106281e2,-2.267821e1
3.500000e1,1.120942e2,-2.343842e1
3.503333e1,1.138528e2,-2.394990e1
3.506667e1,1.186143e2,-2.585417e1
3.510000e1,1.246924e2,-2.864847e1
3.513333e1,1.287642e2,-2.947016e1
3.516667e1,1.286901e2,-2.834823e1
3.520000e1,1.253356e2,-2.738729e1
3.523333e1,1.234331e2,-2.758846e1
3.526667e1,1.246894e2,-2.760849e1
3.530000e1,1.257921e2,-2.799115e1
3.533333e1,1.265711e2,-2.832362e1
3.536667e1,1.265921e2,-2.828315e1
3.540000e1,1.256828e2,-2.804914e1
3.543333e1,1.251764e2,-2.788412e1
3.546667e1,1.245664e2,-2.774433e1
3.550000e1,1.220445e2,-2.708320e1
3.553333e1,1.188558e2,-2.559439e1
3.556667e1,1.174017e2,-2.520544e1
3.560000e1,1.168645e2,-2.487059e1
3.563333e1,1.154394e2,-2.440491e1
3.566667e1,1.144211e2,-2.391870e1
3.570000e1,1.139412e2,-2.401278e1
3.573333e1,1.134735e2,-2.399367e1
3.576667e1,1.123874e2,-2.372418e1
3.580000e1,1.113697e2,-2.347672e1
3.583333e1,1.103591e2,-2.344395e1
3.586667e1,1.088910e2,-2.342842e1
3.590000e1,1.069907e2,-2.325360e1
3.593333e1,1.060618e2,-2.307305e1
3.596667e1,1.114808e2,-2.432635e1
3.600000e1,1.162534e2,-2.384151e1
3.603333e1,1.178801e2,-2.542062e1
3.606667e1,1.207688e2,-2.624527e1
3.610000e1,1.266912e2,-2.794735e1
3.613333e1,1.311239e2,-3.031972e1
3.616667e1,1.325401e2,-3.131605e1
3.620000e1,1.316373e2,-3.049983e1
3.623333e1,1.301352e2,-2.944599e1
3.626667e1,1.296044e2,-2.974003e1
3.630000e1,1.305762e2,-2.984010e1
3.633333e1,1.311538e2,-3.034445e1
3.636667e1,1.316324e2,-3.040763e1
3.640000e1,1.316279e2,-3.039454e1
3.643333e1,1.310479e2,-3.009794e1
3.646667e1,1.300373e2,-2.968163e1
3.650000e1,1.281100e2,-2.884084e1
3.653333e1,1.246571e2,-2.772336e1
3.656667e1,1.208238e2,-2.613061e1
3.660000e1,1.197673e2,-2.584491e1
3.663333e1,1.192168e2,-2.570287e1
3.666667e1,1.178705e2,-2.574720e1
3.670000e1,1.164384e2,-2.552827e1
3.673333e1,1.153188e2,-2.478097e1
3.676667e1,1.143310e2,-2.460911e1
3.680000e1,1.134480e2,-2.447622e1
3.683333e1,1.128970e2,-2.448633e1
3.686667e1,1.120145e2,-2.452509e1
3.690000e1,1.114374e2,-2.395855e1
3.693333e1,1.108319e2,-2.358768e1
3.696667e1,1.139644e2,-2.494899e1
3.700000e1,1.183242e2,-2.492298e1
3.703333e1,1.202198e2,-2.593177e1
3.706667e1,1.226800e2,-2.688855e1
3.710000e1,1.285209e2,-2.785320e1
3.713333e1,1.345488e2,-3.020503e1
3.716667e1,1.378398e2,-3.204727e1
3.720000e1,1.369756e2,-3.219689e1
3.723333e1,1.345215e2,-2.956804e1
3.726667e1,1.319618e2,-2.850029e1
3.730000e1,1.315838e2,-2.960841e1
3.733333e1,1.334786e2,-2.962043e1
3.736667e1,1.345189e2,-3.017125e1
3.740000e1,1.340515e2,-3.032291e1
3.743333e1,1.329883e2,-2.977411e1
3.746667e1,1.321294e2,-2.975235e1
3.750000e1,1.314865e2,-2.924550e1
3.753333e1,1.287033e2,-2.874027e1
3.756667e1,1.266482e2,-2.754491e1
3.760000e1,1.252760e2,-2.761181e1
3.763333e1,1.242791e2,-2.734985e1
3.766667e1,1.231208e2,-2.689282e1
3.770000e1,1.217186e2,-2.649724e1
3.773333e1,1.203348e2,-2.634226e1
3.776667e1,1.192481e2,-2.602234e1
3.780000e1,1.182346e2,-2.559796e1
3.783333e1,1.169263e2,-2.545583e1
3.786667e1,1.156703e2,-2.512722e1
3.790000e1,1.139938e2,-2.472401e1
3.793333e1,1.124222e2,-2.446242e1
3.796667e1,1.125987e2,-2.471562e1
3.800000e1,1.194684e2,-2.559999e1
3.803333e1,1.233309e2,-2.621237e1
3.806667e1,1.243595e2,-2.696738e1
3.810000e1,1.278294e2,-2.769001e1
3.813333e1,1.333258e2,-2.953016e1
3.816667e1,1.376112e2,-2.934316e1
3.820000e1,1.386041e2,-2.983606e1
3.823333e1,1.368020e2,-3.104484e1
3.826667e1,1.352278e2,-3.006569e1
3.830000e1,1.352428e2,-2.935162e1
3.833333e1,1.358211e2,-3.006521e1
3.836667e1,1.362183e2,-3.000040e1
3.840000e1,1.361223e2,-2.970088e1
3.843333e1,1.357350e2,-2.985458e1
3.846667e1,1.357448e2,-2.986716e1
3.850000e1,1.347671e2,-2.960283e1
3.853333e1,1.321806e2,-2.835688e1
3.856667e1,1.298975e2,-2.811866e1
3.860000e1,1.287617e2,-2.767728e1
3.863333e1,1.274710e2,-2.770584e1
3.866667e1,1.267021e2,-2.730104e1
3.870000e1,1.256560e2,-2.686752e1
3.873333e1,1.245160e2,-2.636740e1
3.876667e1,1.229493e2,-2.614508e1
3.880000e1,1.214368e2,-2.583153e1
3.883333e1,1.200468e2,-2.552323e1
3.886667e1,1.190979e2,-2.537549e1
3.890000e1,1.180752e2,-2.499053e1
3.893333e1,1.169222e2,-2.482470e1
3.896667e1,1.157657e2,-2.445706e1
3.900000e1,1.207072e2,-2.567993e1
3.903333e1,1.256135e2,-2.664577e1
3.906667e1,1.272263e2,-2.741136e1
3.910000e1,1.300175e2,-2.774478e1
3.913333e1,1.359063e2,-3.024160e1
3.916667e1,1.412878e2,-3.215475e1
3.920000e1,1.433888e2,-3.269507e1
3.923333e1,1.423512e2,-3.227566e1
3.926667e1,1.403684e2,-3.159703e1
3.930000e1,1.398434e2,-3.105550e1
3.933333e1,1.403479e2,-3.157369e1
3.936667e1,1.409823e2,-3.164301e1
3.940000e1,1.412887e2,-3.161364e1
3.943333e1,1.409212e2,-3.165462e1
3.946667e1,1.407940e2,-3.127183e1
3.950000e1,1.402438e2,-3.124258e1
3.953333e1,1.384712e2,-3.078880e1
3.956667e1,1.350494e2,-2.966436e1
3.960000e1,1.319706e2,-2.869977e1
3.963333e1,1.310512e2,-2.854335e1
3.966667e1,1.306184e2,-2.829016e1
3.970000e1,1.300606e2,-2.803100e1
3.973333e1,1.290479e2,-2.787976e1
3.976667e1,1.277770e2,-2.774544e1
3.980000e1,1.272168e2,-2.729118e1
3.983333e1,1.267306e2,-2.702484e1
3.986667e1,1.263599e2,-2.704775e1
3.990000e1,1.253962e2,-2.679712e1
3.993333e1,1.241352e2,-2.622194e1
3.996667e1,1.233824e2,-2.586125e1
4.000000e1,1.255592e2,-2.650769e1
4.003333e1,1.302658e2,-2.758071e1
4.006667e1,1.311696e2,-2.844578e1
4.010000e1,1.330228e2,-2.907257e1
4.013333e1,1.371678e2,-3.059827e1
4.016667e1,1.441355e2,-3.239534e1
4.020000e1,1.484471e2,-3.383144e1
4.023333e1,1.481829e2,-3.473867e1
4.026667e1,1.457349e2,-3.335213e1
4.030000e1,1.438070e2,-3.184841e1
4.033333e1,1.442824e2,-3.244019e1
4.036667e1,1.456146e2,-3.293171e1
4.040000e1,1.461651e2,-3.290456e1
4.043333e1,1.461161e2,-3.299228e1
4.046667e1,1.451096e2,-3.285021e1
4.050000e1,1.445026e2,-3.243503e1
4.053333e1,1.435512e2,-3.230673e1
4.056667e1,1.410154e2,-3.131502e1
4.060000e1,1.372079e2,-2.995752e1
4.063333e1,1.356529e2,-2.907614e1
4.066667e1,1.347445e2,-2.929216e1
4.070000e1,1.341392e2,-2.889051e1
4.073333e1,1.337385e2,-2.897952e1
4.076667e1,1.327774e2,-2.897764e1
4.080000e1,1.318291e2,-2.887208e1
4.083333e1,1.311812e2,-2.835370e1
4.086667e1,1.302142e2,-2.835592e1
4.090000e1,1.292614e2,-2.810700e1
4.093333e1,1.282144e2,-2.760073e1
4.096667e1,1.267917e2,-2.700612e1
4.100000e1,1.258996e2,-2.740249e1
4.103333e1,1.317343e2,-2.803297e1
4.106667e1,1.353086e2,-2.938829e1
4.110000e1,1.362690e2,-3.033604e1
4.113333e1,1.401777e2,-3.107916e1
4.116667e1,1.469751e2,-3.279458e1
4.120000e1,1.514016e2,-3.522941e1
4.123333e1,1.518730e2,-3.586222e1
4.126667e1,1.485084e2,-3.654550e1
4.130000e1,1.460217e2,-3.375366e1
4.133333e1,1.454984e2,-3.237166e1
4.136667e1,1.469725e2,-3.363970e1
4.140000e1,1.484386e2,-3.376983e1
4.143333e1,1.475569e2,-3.380079e1
4.146667e1,1.465623e2,-3.329117e1
4.150000e1,1.469230e2,-3.326339e1
4.153333e1,1.464791e2,-3.327655e1
4.156667e1,1.440689e2,-3.240949e1
4.160000e1,1.420163e2,-3.182148e1
4.163333e1,1.411412e2,-3.179788e1
4.166667e1,1.401791e2,-3.140161e1
4.170000e1,1.395681e2,-3.099862e1
4.173333e1,1.386308e2,-3.093024e1
4.176667e1,1.373096e2,-3.100623e1
4.180000e1,1.357904e2,-3.049517e1
4.183333e1,1.342324e2,-3.002441e1
4.186667e1,1.326980e2,-2.942938e1
4.190000e1,1.312749e2,-2.905667e1
4.193333e1,1.298923e2,-2.885453e1
4.196667e1,1.289438e2,-2.847532e1
4.200000e1,1.279268e2,-2.826153e1
4.203333e1,1.318744e2,-2.944115e1
4.206667e1,1.372515e2,-3.038721e1
4.210000e1,1.396153e2,-3.132321e1
4.213333e1,1.412074e2,-3.153811e1
4.216667e1,1.446315e2,-3.288579e1
4.220000e1,1.490830e2,-3.440586e1
4.223333e1,1.519568e2,-3.483575e1
4.226667e1,1.523882e2,-3.476503e1
4.230000e1,1.509495e2,-3.481174e1
4.233333e1,1.494765e2,-3.527854e1
4.236667e1,1.498735e2,-3.484693e1
4.240000e1,1.500577e2,-3.536199e1
4.243333e1,1.505186e2,-3.534429e1
4.246667e1,1.505431e2,-3.538128e1
4.250000e1,1.500814e2,-3.534199e1
4.253333e1,1.495478e2,-3.527531e1
4.256667e1,1.480099e2,-3.475588e1
4.260000e1,1.451336e2,-3.349798e1
4.263333e1,1.436368e2,-3.282214e1
4.266667e1,1.431225e2,-3.248499e1
4.270000e1,1.425110e2,-3.207941e1
4.273333e1,1.415516e2,-3.164255e1
4.276667e1,1.405487e2,-3.128775e1
4.280000e1,1.395819e2,-3.117497e1
4.283333e1,1.387148e2,-3.114776e1
4.286667e1,1.377773e2,-3.077571e1
4.290000e1,1.366275e2,-3.023423e1
4.293333e1,1.347795e2,-2.994664e1
4.296667e1,1.328444e2,-2.941463e1
4.300000e1,1.313038e2,-2.884205e1
4.303333e1,1.322293e2,-2.894106e1
4.306667e1,1.385962e2,-3.044624e1
4.310000e1,1.417037e2,-3.190677e1
4.313333e1,1.431631e2,-3.242029e1
4.316667e1,1.472999e2,-3.379663e1
4.320000e1,1.534084e2,-3.584088e1
4.323333e1,1.573333e2,-3.771048e1
4.326667e1,1.578258e2,-3.818951e1
4.330000e1,1.564164e2,-3.743202e1
4.333333e1,1.544798e2,-3.637155e1
4.336667e1,1.539474e2,-3.600478e1
4.340000e1,1.544967e2,-3.638697e1
4.343333e1,1.554223e2,-3.642028e1
4.346667e1,1.559347e2,-3.684727e1
4.350000e1,1.559629e2,-3.688621e1
4.353333e1,1.552910e2,-3.628392e1
4.356667e1,1.534667e2,-3.610409e1
4.360000e1,1.509173e2,-3.505004e1
4.363333e1,1.479910e2,-3.371673e1
4.366667e1,1.465339e2,-3.357803e1
4.370000e1,1.456255e2,-3.355719e1
