t,x,vx
0.000000e0,4.288764e-1,0.000000e0
3.335098e-2,-7.569623e0,-1.215107e2
6.670197e-2,-7.671840e0,6.026240e-1
1.000530e-1,-7.529448e0,-1.093191e1
1.334039e-1,-8.400634e0,-2.514065e1
1.667549e-1,-9.205492e0,-1.592247e1
2.001059e-1,-9.462131e0,-1.817362e0
2.334569e-1,-9.326650e0,-1.505677e0
2.668079e-1,-9.562510e0,2.621223e1
3.001589e-1,-7.579168e0,5.275168e1
3.335098e-1,-6.045731e0,2.563211e1
3.668608e-1,-5.870360e0,3.969923e1
4.002118e-1,-3.399116e0,9.524894e1
4.335628e-1,4.795688e-1,1.189283e2
4.669138e-1,4.529439e0,8.382429e1
5.002648e-1,6.067855e0,2.575577e1
5.336158e-1,6.246490e0,-9.670306e0
5.669667e-1,5.423168e0,-2.146090e1
6.003177e-1,4.815763e0,-7.295640e0
6.336687e-1,4.936792e0,1.076839e1
6.670197e-1,5.533656e0,1.781381e1
7.003707e-1,6.124379e0,1.222177e1
7.337217e-1,6.348440e0,-8.215022e-1
7.670726e-1,6.069612e0,-1.360076e1
8.004236e-1,5.441723e0,-2.688267e1
8.337746e-1,4.277434e0,-4.557642e1
8.671256e-1,2.403295e0,-5.629757e1
9.004766e-1,5.242626e-1,-6.935151e1
9.338276e-1,-2.220139e0,-5.683378e1
9.671786e-1,-3.264656e0,-2.545960e1
1.000530e0,-3.917446e0,-1.631898e1
1.033881e0,-4.352588e0,-1.126151e1
1.067232e0,-4.668213e0,-1.716802e1
1.100582e0,-5.497123e0,-2.596016e1
1.133933e0,-6.398890e0,-2.589431e1
1.167284e0,-7.223410e0,-1.441834e1
1.200635e0,-7.360113e0,6.415832e-1
1.233986e0,-7.180638e0,-5.121083e0
1.267337e0,-7.701518e0,-3.264318e0
1.300688e0,-7.398259e0,5.349930e1
1.334039e0,-4.134898e0,5.734713e1
1.367390e0,-3.575117e0,2.504061e1
1.400741e0,-2.465524e0,7.144457e1
1.434092e0,1.187854e0,1.259048e2
1.467443e0,5.928128e0,1.142882e2
1.500794e0,8.807069e0,6.365135e1
1.534145e0,1.017155e1,2.421130e1
1.567496e0,1.042116e1,-2.194635e1
1.600847e0,8.671884e0,-4.670686e1
1.634198e0,7.229521e0,-1.459492e1
1.667549e0,7.698889e0,1.288477e1
1.700900e0,8.088505e0,1.464485e1
1.734251e0,8.675212e0,5.692308e0
1.767602e0,8.467993e0,-1.022459e1
1.800953e0,7.993573e0,-1.937268e1
1.834304e0,7.176481e0,-3.660497e1
1.867655e0,5.553241e0,-5.186521e1
1.901006e0,3.718800e0,-5.210256e1
1.934357e0,2.079737e0,-3.696652e1
1.967708e0,1.254365e0,-2.310385e1
2.001059e0,5.394810e-1,-2.460462e1
2.034410e0,-3.859428e-1,-2.516383e1
2.067761e0,-1.138108e0,-1.209951e1
2.101112e0,-1.192577e0,-6.554801e0
2.134463e0,-1.575094e0,-1.448935e1
2.167814e0,-2.158534e0,-1.468668e1
2.201165e0,-2.554206e0,-8.243419e0
2.234516e0,-2.708095e0,-7.161335e0
2.267867e0,-3.031629e0,-1.058356e1
2.301218e0,-3.413665e0,3.829872e1
2.334569e0,-4.783807e-1,5.904977e1
2.367920e0,5.229858e-1,2.851681e1
2.401271e0,1.422740e0,6.214962e1
2.434622e0,4.666294e0,1.213051e2
2.467973e0,9.509750e0,1.197224e2
2.501324e0,1.264778e1,5.067188e1
2.534675e0,1.288788e1,-5.304510e0
2.568026e0,1.229415e1,-2.137007e1
2.601377e0,1.146320e1,-3.524591e1
2.634728e0,9.944422e0,-2.329615e-1
2.668079e0,1.144767e1,3.232857e1
2.701430e0,1.209966e1,8.202616e0
2.734781e0,1.199451e1,-1.197292e1
2.768132e0,1.130147e1,-1.096302e1
2.801483e0,1.126365e1,-5.063640e-1
2.834834e0,1.126771e1,-1.970243e1
2.868185e0,9.950151e0,-5.107046e1
2.901536e0,7.863010e0,-4.847612e1
2.934887e0,6.718410e0,-2.758211e1
2.968238e0,6.024203e0,-2.199905e1
3.001589e0,5.251807e0,-1.937081e1
3.034940e0,4.732815e0,-1.395640e1
3.068291e0,4.321380e0,-1.271262e1
3.101642e0,3.885307e0,-1.802964e1
3.134993e0,3.119404e0,-2.237094e1
3.168344e0,2.393911e0,-2.173443e1
3.201695e0,1.670443e0,-1.988916e1
3.235046e0,1.067967e0,-1.681028e1
3.268397e0,5.497570e-1,-1.443984e1
3.301747e0,1.053107e-1,1.433883e1
3.335098e0,1.505679e0,7.321714e1
3.368449e0,4.986454e0,6.275124e1
3.401800e0,5.689095e0,3.698618e1
3.435151e0,7.452199e0,8.527437e1
3.468502e0,1.137405e1,1.227747e2
3.501853e0,1.563718e1,9.566864e1
3.535204e0,1.775196e1,2.865595e1
3.568555e0,1.754757e1,-1.871726e1
3.601906e0,1.650415e1,-2.500292e1
3.635257e0,1.588071e1,-1.690233e1
3.668608e0,1.537732e1,-4.661791e-1
3.701959e0,1.584963e1,1.354286e1
3.735310e0,1.628018e1,1.354540e1
3.768661e0,1.675266e1,9.327669e0
3.802012e0,1.690202e1,-2.337471e0
3.835363e0,1.659683e1,-2.507386e1
3.868714e0,1.523043e1,-5.418676e1
3.902065e0,1.298438e1,-6.055265e1
3.935416e0,1.119359e1,-4.325990e1
3.968767e0,1.010038e1,-3.217680e1
4.002118e0,9.048471e0,-2.950832e1
4.035469e0,8.133162e0,-2.874296e1
4.068820e0,7.132273e0,-2.781426e1
4.102171e0,6.278878e0,-2.421815e1
4.135522e0,5.517730e0,-2.268600e1
4.168873e0,4.766478e0,-2.003243e1
4.202224e0,4.182235e0,-2.409244e1
4.235575e0,3.160316e0,-3.193918e1
4.268926e0,2.052956e0,-2.867205e1
4.302277e0,1.248845e0,-1.111784e1
4.335628e0,1.311766e0,7.076753e1
4.368979e0,5.966681e0,1.122170e2
4.402330e0,8.792897e0,5.348469e1
4.435681e0,9.532327e0,6.485516e1
4.469032e0,1.311657e1,1.212739e2
4.502383e0,1.761725e1,1.011532e2
4.535734e0,1.986012e1,3.723722e1
4.569085e0,2.009974e1,-4.720798e0
4.602436e0,1.954540e1,-1.418420e1
4.635787e0,1.915412e1,-9.407176e0
4.669138e0,1.890258e1,-4.114170e0
4.702489e0,1.887299e1,1.206176e1
4.735840e0,1.970670e1,1.425780e1
4.769191e0,1.982351e1,-8.086216e-1
4.802542e0,1.965279e1,-7.816866e0
4.835893e0,1.930238e1,-1.509644e1
4.869244e0,1.864636e1,-3.054400e1
4.902595e0,1.726612e1,-4.739997e1
4.935946e0,1.548636e1,-4.341768e1
4.969297e0,1.437161e1,-2.615122e1
5.002648e0,1.374295e1,-1.507020e1
5.035999e0,1.336693e1,-1.188745e1
5.069350e0,1.295045e1,-1.462906e1
5.102701e0,1.239165e1,-1.648344e1
5.136052e0,1.185155e1,-1.859252e1
5.169403e0,1.115215e1,-2.211946e1
5.202754e0,1.037692e1,-1.721209e1
5.236105e0,1.000468e1,-8.535686e-1
5.269456e0,1.032002e1,-1.501172e0
5.302807e0,9.904603e0,-1.408199e1
5.336158e0,9.381218e0,3.810629e1
5.369509e0,1.244502e1,6.795334e1
5.402860e0,1.391144e1,2.772410e1
5.436211e0,1.429330e1,3.724882e1
5.469562e0,1.639470e1,8.969871e1
5.502912e0,2.027321e1,1.184838e2
5.536263e0,2.429362e1,8.839865e1
5.569614e0,2.616645e1,8.324075e0
5.602965e0,2.484856e1,-4.954279e1
5.636316e0,2.286360e1,-3.207759e1
5.669667e0,2.271005e1,2.416707e0
5.703018e0,2.302471e1,2.173298e1
5.736369e0,2.415891e1,1.639392e1
5.769720e0,2.411764e1,-8.170139e0
5.803071e0,2.361424e1,-1.052477e1
5.836422e0,2.341599e1,-3.411107e0
5.869773e0,2.338683e1,-1.529687e1
5.903124e0,2.239620e1,-4.817889e1
5.936475e0,2.017491e1,-5.038542e1
5.969826e0,1.903717e1,-3.263116e1
6.003177e0,1.799949e1,-3.432293e1
6.036528e0,1.674898e1,-2.946607e1
6.069879e0,1.603509e1,-2.628872e1
6.103230e0,1.499639e1,-3.667107e1
6.136581e0,1.359035e1,-2.817084e1
6.169932e0,1.311834e1,-1.946279e0
6.203283e0,1.346060e1,2.277644e0
6.236634e0,1.327018e1,-1.712880e1
6.269985e0,1.231868e1,-2.995860e1
6.303336e0,1.127294e1,-3.121905e1
6.336687e0,1.023741e1,-2.110695e0
6.370038e0,1.113223e1,8.088723e1
6.403389e0,1.562989e1,8.967869e1
6.436740e0,1.711081e1,3.651400e1
6.470091e0,1.806416e1,7.001761e1
6.503442e0,2.177865e1,1.168114e2
6.536793e0,2.585159e1,9.814363e1
6.570144e0,2.832156e1,3.746274e1
6.603495e0,2.834910e1,-1.644732e1
6.636846e0,2.722507e1,-2.687113e1
6.670197e0,2.655769e1,-1.311134e1
6.703548e0,2.635098e1,3.120082e0
6.736899e0,2.676570e1,1.149873e1
6.770250e0,2.711756e1,1.051831e1
6.803601e0,2.746692e1,5.553689e0
6.836952e0,2.748781e1,-6.361864e0
6.870303e0,2.704279e1,-2.432052e1
6.903654e0,2.586644e1,-4.598956e1
6.937005e0,2.397682e1,-5.372102e1
6.970356e0,2.228504e1,-4.651561e1
7.003707e0,2.087578e1,-3.671220e1
7.037058e0,1.983756e1,-2.698148e1
7.070409e0,1.907702e1,-2.498317e1
7.103760e0,1.817201e1,-2.527100e1
7.137111e0,1.739228e1,-1.057575e1
7.170462e0,1.746696e1,-3.768075e0
7.203813e0,1.714108e1,-1.206559e1
7.237164e0,1.666259e1,-2.161728e1
7.270515e0,1.569993e1,-3.024419e1
7.303866e0,1.464631e1,-3.074761e1
7.337217e0,1.365009e1,-1.834904e1
7.370568e0,1.342304e1,6.523377e1
7.403919e0,1.799900e1,1.058138e2
7.437270e0,2.047729e1,4.693304e1
7.470621e0,2.112787e1,6.271812e1
7.503972e0,2.465850e1,1.228268e2
7.537323e0,2.931633e1,1.120372e2
7.570674e0,3.212765e1,5.690731e1
7.604025e0,3.311015e1,1.701148e1
7.637376e0,3.326175e1,-1.482280e1
7.670726e0,3.212196e1,-4.356557e1
7.704077e0,3.035738e1,-2.658617e1
7.737428e0,3.034955e1,8.998660e0
7.770779e0,3.097228e1,1.154572e1
7.804130e0,3.113851e1,5.032116e0
7.837481e0,3.130776e1,-4.261590e0
7.870832e0,3.085440e1,-1.217757e1
7.904183e0,3.049592e1,-2.569234e1
7.937534e0,2.914158e1,-4.003801e1
7.970885e0,2.782672e1,-3.578465e1
8.004236e0,2.675594e1,-2.656352e1
8.037587e0,2.605582e1,-1.632598e1
8.070938e0,2.566754e1,-1.949315e1
8.104289e0,2.475628e1,-3.217165e1
8.137640e0,2.352276e1,-3.876467e1
8.170991e0,2.217196e1,-4.115272e1
8.204342e0,2.077925e1,-4.102193e1
8.237693e0,1.943717e1,-3.697763e1
8.271044e0,1.831407e1,-3.020185e1
8.304395e0,1.742371e1,-2.640369e1
8.337746e0,1.655383e1,-2.774968e1
8.371097e0,1.557373e1,3.117342e1
8.404448e0,1.863205e1,1.172168e2
8.437799e0,2.338819e1,1.112410e2
8.471150e0,2.604812e1,4.872294e1
8.504501e0,2.663638e1,4.740936e1
8.537852e0,2.920874e1,1.000745e2
8.571203e0,3.330802e1,9.356693e1
8.604554e0,3.544654e1,2.721628e1
8.637905e0,3.512244e1,-2.733729e1
8.671256e0,3.362405e1,-2.340734e1
8.704607e0,3.356195e1,-8.619827e-1
8.737958e0,3.356659e1,6.139644e0
8.771309e0,3.397126e1,6.190924e0
8.804660e0,3.397931e1,-2.667084e0
8.838011e0,3.379345e1,-1.212984e0
8.871362e0,3.389845e1,2.817669e-1
8.904713e0,3.381223e1,-1.931993e1
8.938064e0,3.261045e1,-3.553948e1
8.971415e0,3.144294e1,-3.453257e1
9.004766e0,3.030828e1,-2.748370e1
9.038117e0,2.961069e1,-1.726152e1
9.071468e0,2.915751e1,-9.841836e0
9.104819e0,2.895457e1,-1.354661e1
9.138170e0,2.825441e1,-2.776512e1
9.171521e0,2.710356e1,-3.407478e1
9.204872e0,2.598275e1,-3.725539e1
9.238223e0,2.461987e1,-4.446179e1
9.271574e0,2.301864e1,-4.539209e1
9.304925e0,2.159373e1,-4.017398e1
9.338276e0,2.034037e1,-3.257222e1
9.371627e0,1.942225e1,3.650460e-1
9.404978e0,2.036471e1,9.915942e1
9.438329e0,2.603287e1,1.318873e2
9.471680e0,2.915720e1,5.621547e1
9.505031e0,2.978057e1,4.815514e1
9.538382e0,3.236754e1,9.237119e1
9.571733e0,3.593865e1,8.597712e1
9.605084e0,3.809935e1,4.577875e1
9.638435e0,3.899057e1,1.448223e1
9.671786e0,3.906483e1,-1.196589e1
9.705137e0,3.819284e1,-1.252527e1
9.738488e0,3.822981e1,4.452840e0
9.771839e0,3.848970e1,1.077016e1
9.805190e0,3.894782e1,9.593440e0
9.838541e0,3.912926e1,7.332996e-1
9.871891e0,3.899671e1,-6.867861e0
9.905242e0,3.867140e1,-1.833483e1
9.938593e0,3.777439e1,-4.063450e1
9.971944e0,3.596244e1,-6.282183e1
1.000530e1,3.358626e1,-5.588000e1
1.003865e1,3.223710e1,-3.339350e1
1.007200e1,3.136003e1,-3.080123e1
1.010535e1,3.018369e1,-3.370421e1
1.013870e1,2.911308e1,-2.478417e1
1.017205e1,2.853141e1,-1.371220e1
1.020540e1,2.819894e1,-9.825181e0
1.023875e1,2.787640e1,-1.042756e1
1.027210e1,2.750377e1,-1.644724e1
1.030545e1,2.677992e1,-2.581110e1
1.033881e1,2.578303e1,-2.468253e1
1.037216e1,2.513441e1,-1.253396e1
1.040551e1,2.494743e1,5.961863e1
1.043886e1,2.910899e1,9.603724e1
1.047221e1,3.134991e1,4.860980e1
1.050556e1,3.234964e1,5.164133e1
1.053891e1,3.479267e1,1.060807e2
1.057226e1,3.942169e1,1.220013e2
1.060561e1,4.292609e1,6.461657e1
1.063896e1,4.372946e1,1.050559e1
1.067232e1,4.362646e1,-1.003952e1
1.070567e1,4.306016e1,-4.760444e1
1.073902e1,4.045283e1,-2.715991e1
1.077237e1,4.124950e1,2.409001e1
1.080572e1,4.205883e1,1.195445e1
1.083907e1,4.204647e1,-6.069240e0
1.087242e1,4.164410e1,-1.129824e1
1.090577e1,4.127442e1,-6.440469e0
1.093912e1,4.121473e1,-1.956466e1
1.097247e1,3.997011e1,-3.910172e1
1.100582e1,3.860795e1,-4.118319e1
1.103918e1,3.722456e1,-3.381763e1
1.107253e1,3.635344e1,-2.364706e1
1.110588e1,3.564809e1,-2.085207e1
1.113923e1,3.496331e1,-2.421482e1
1.117258e1,3.403377e1,-3.485409e1
1.120593e1,3.263970e1,-3.148042e1
1.123928e1,3.193508e1,-1.906154e1
1.127263e1,3.136893e1,-2.569740e1
1.130598e1,3.022192e1,-3.777293e1
1.133933e1,2.885073e1,-3.329931e1
1.137269e1,2.800196e1,-2.383607e1
1.140604e1,2.726166e1,2.986194e1
1.143939e1,2.999276e1,1.168051e2
1.147274e1,3.504867e1,1.005179e2
1.150609e1,3.669395e1,4.102206e1
1.153944e1,3.778347e1,6.255289e1
1.157279e1,4.086415e1,9.969072e1
1.160614e1,4.442952e1,7.776439e1
1.163949e1,4.604844e1,2.258759e1
1.167284e1,4.593536e1,-1.694640e-1
1.170620e1,4.603714e1,-2.195687e1
1.173955e1,4.447157e1,-1.907332e1
1.177290e1,4.476559e1,1.299992e1
1.180625e1,4.533823e1,3.742552e0
1.183960e1,4.501509e1,-7.807549e0
1.187295e1,4.481772e1,7.670162e-1
1.190630e1,4.506622e1,3.145288e0
1.193965e1,4.502741e1,-1.839486e1
1.197300e1,4.383990e1,-3.819505e1
1.200635e1,4.248107e1,-3.599635e1
1.203971e1,4.144014e1,-3.079002e1
1.207306e1,4.042841e1,-2.617526e1
1.210641e1,3.969513e1,-1.666128e1
1.213976e1,3.931765e1,-1.847395e1
1.217311e1,3.846353e1,-3.073304e1
1.220646e1,3.726878e1,-3.286053e1
1.223981e1,3.627283e1,-2.861245e1
1.227316e1,3.536129e1,-2.240117e1
1.230651e1,3.477942e1,-1.215567e1
1.233986e1,3.455091e1,-8.405862e0
1.237322e1,3.421903e1,-1.069239e1
1.240657e1,3.383808e1,2.561805e0
1.243992e1,3.438981e1,7.295753e1
1.247327e1,3.870192e1,9.321145e1
1.250662e1,4.060391e1,3.988268e1
1.253997e1,4.136076e1,4.871027e1
1.257332e1,4.385126e1,9.430451e1
1.260667e1,4.764773e1,9.680025e1
1.264002e1,5.030461e1,5.426352e1
1.267337e1,5.126530e1,1.005984e1
1.270673e1,5.097527e1,-1.660876e1
1.274008e1,5.015805e1,-1.203903e1
1.277343e1,5.017266e1,3.192133e0
1.280678e1,5.037086e1,6.127883e0
1.284013e1,5.058119e1,4.101069e0
1.287348e1,5.064426e1,-2.587145e0
1.290683e1,5.040871e1,-9.478693e0
1.294018e1,5.001235e1,-1.384675e1
1.297353e1,4.948560e1,-3.374626e1
1.300688e1,4.776260e1,-5.674528e1
1.304024e1,4.570258e1,-4.142624e1
1.307359e1,4.500085e1,-1.616174e1
1.310694e1,4.462513e1,-1.840586e1
1.314029e1,4.377379e1,-2.977914e1
1.317364e1,4.263985e1,-3.256431e1
1.320699e1,4.160284e1,-3.364382e1
1.324034e1,4.039693e1,-3.248795e1
1.327369e1,3.943698e1,-2.621679e1
1.330704e1,3.864914e1,-2.575260e1
1.334039e1,3.772014e1,-3.004467e1
1.337374e1,3.664617e1,-3.301782e1
1.340710e1,3.551895e1,-2.897918e1
1.344045e1,3.471422e1,4.575350e1
1.347380e1,3.856918e1,1.215694e2
1.350715e1,4.281885e1,7.986001e1
1.354050e1,4.389318e1,4.094512e1
1.357385e1,4.554852e1,8.103185e1
1.360720e1,4.929531e1,1.007248e2
1.364055e1,5.226351e1,5.517703e1
1.367390e1,5.297377e1,-8.762638e-2
1.370725e1,5.225767e1,-1.205079e1
1.374061e1,5.217039e1,-1.264505e0
1.377396e1,5.217337e1,1.090130e1
1.380731e1,5.289714e1,1.442617e1
1.384066e1,5.313511e1,-2.106516e-1
1.387401e1,5.288310e1,-7.818376e0
1.390736e1,5.261389e1,-2.637220e0
1.394071e1,5.270728e1,-1.988164e0
1.397406e1,5.247803e1,-2.502118e1
1.400741e1,5.099750e1,-5.410658e1
1.404076e1,4.887092e1,-4.299831e1
1.407412e1,4.813095e1,-2.218231e1
1.410747e1,4.739210e1,-2.087074e1
1.414082e1,4.673957e1,-2.572861e1
1.417417e1,4.567686e1,-3.604762e1
1.420752e1,4.433639e1,-3.589019e1
1.424087e1,4.328418e1,-2.141125e1
1.427422e1,4.290897e1,-8.785788e0
1.430757e1,4.269846e1,-6.122595e0
1.434092e1,4.250080e1,-9.022765e0
1.437427e1,4.209694e1,-1.877327e1
1.440763e1,4.124925e1,-2.937002e1
1.444098e1,4.013894e1,-5.168728e-1
1.447433e1,4.121479e1,8.802133e1
1.450768e1,4.600703e1,1.063119e2
1.454103e1,4.830225e1,4.490940e1
1.457438e1,4.900099e1,5.876882e1
1.460773e1,5.222018e1,1.094478e2
1.464108e1,5.629751e1,8.523001e1
1.467443e1,5.790218e1,1.975925e1
1.470778e1,5.761480e1,-3.424437e0
1.474114e1,5.767388e1,-9.251649e0
1.477449e1,5.699802e1,-1.991672e1
1.480784e1,5.634610e1,7.304212e0
1.484119e1,5.748497e1,1.513297e1
1.487454e1,5.735496e1,-8.277810e0
1.490789e1,5.693311e1,-3.428945e0
1.494124e1,5.712637e1,2.502249e0
1.497459e1,5.709993e1,-1.652275e1
1.500794e1,5.602485e1,-4.003407e1
1.504129e1,5.443099e1,-4.445979e1
1.507465e1,5.306087e1,-3.562834e1
1.510800e1,5.205577e1,-2.906523e1
1.514135e1,5.112318e1,-2.591292e1
1.517470e1,5.032824e1,-1.741183e1
1.520805e1,4.996240e1,-2.746609e1
1.524140e1,4.849717e1,-4.380680e1
1.527475e1,4.704194e1,-3.895146e1
1.530810e1,4.590041e1,-2.901324e1
1.534145e1,4.510773e1,-2.284996e1
1.537480e1,4.437707e1,-2.501358e1
1.540815e1,4.344015e1,-2.839785e1
1.544151e1,4.248388e1,-1.629900e1
1.547486e1,4.235355e1,6.793323e1
1.550821e1,4.701277e1,1.316751e2
1.554156e1,5.113189e1,7.335881e1
1.557491e1,5.190335e1,4.181793e1
1.560826e1,5.391975e1,9.055675e1
1.564161e1,5.794047e1,1.026259e2
1.567496e1,6.076148e1,4.273504e1
1.570831e1,6.078947e1,-9.193548e0
1.574166e1,6.014858e1,-1.321667e1
1.577502e1,5.990836e1,-5.594855e0
1.580837e1,5.977559e1,1.166802e1
1.584172e1,6.068623e1,1.473641e1
1.587507e1,6.075802e1,-3.605984e0
1.590842e1,6.044583e1,-6.554991e0
1.594177e1,6.032102e1,1.697827e0
1.597512e1,6.055902e1,-4.087502e0
1.600847e1,6.004852e1,-3.779188e1
1.604182e1,5.803956e1,-5.553119e1
1.607517e1,5.634644e1,-4.010958e1
1.610853e1,5.536559e1,-3.032901e1
1.614188e1,5.432450e1,-2.611082e1
1.617523e1,5.362487e1,-1.468225e1
1.620858e1,5.334569e1,-1.506913e1
1.624193e1,5.262026e1,-3.037917e1
1.627528e1,5.132041e1,-3.630540e1
1.630863e1,5.019990e1,-3.099547e1
1.634198e1,4.925404e1,-3.218716e1
1.637533e1,4.805409e1,-3.335651e1
1.640868e1,4.703028e1,-2.739963e1
1.644204e1,4.622745e1,-2.440183e1
1.647539e1,4.540349e1,3.773236e1
1.650874e1,4.874294e1,1.247071e2
1.654209e1,5.371730e1,9.444002e1
1.657544e1,5.503894e1,3.535814e1
1.660879e1,5.607451e1,6.940921e1
1.664214e1,5.966622e1,1.022094e2
1.667549e1,6.288846e1,6.667446e1
1.670884e1,6.411118e1,2.402460e1
1.674219e1,6.449010e1,-5.630723e0
1.677555e1,6.373580e1,-1.633530e1
1.680890e1,6.340108e1,-1.964431e0
1.684225e1,6.360484e1,6.978016e0
1.687560e1,6.386628e1,1.235078e1
1.690895e1,6.442822e1,1.201743e1
1.694230e1,6.466745e1,1.490085e0
1.697565e1,6.452756e1,-1.382742e1
1.700900e1,6.374562e1,-3.335110e1
1.704235e1,6.230416e1,-5.105266e1
1.707570e1,6.025702e1,-6.321244e1
1.710906e1,5.798464e1,-4.725317e1
1.714241e1,5.710681e1,-2.655247e1
1.717576e1,5.621447e1,-2.724671e1
1.720911e1,5.529036e1,-2.600921e1
1.724246e1,5.448053e1,-2.406192e1
1.727581e1,5.368623e1,-2.072858e1
1.730916e1,5.309862e1,-1.920734e1
1.734251e1,5.240574e1,-2.555341e1
1.737586e1,5.139506e1,-3.471770e1
1.740921e1,5.009123e1,-3.646140e1
1.744257e1,4.896430e1,-2.968919e1
1.747592e1,4.811195e1,3.893746e0
1.750927e1,4.922388e1,9.737192e1
1.754262e1,5.460341e1,1.187183e2
1.757597e1,5.713844e1,4.859982e1
1.760932e1,5.784340e1,6.107554e1
1.764267e1,6.121014e1,1.162659e2
1.767602e1,6.559446e1,9.835949e1
1.770937e1,6.776744e1,3.404815e1
1.774272e1,6.786434e1,-1.085571e0
1.777607e1,6.769507e1,-3.890967e1
1.780943e1,6.527036e1,-3.461978e1
1.784278e1,6.538708e1,1.776876e1
1.787613e1,6.645495e1,1.875894e1
1.790948e1,6.663768e1,-1.916223e0
1.794283e1,6.632720e1,-8.685275e0
1.797618e1,6.605866e1,-1.120719e0
1.800953e1,6.625248e1,-9.695284e0
1.804288e1,6.541231e1,-4.242904e1
1.807623e1,6.342388e1,-4.764221e1
1.810958e1,6.223616e1,-2.973359e1
1.814294e1,6.144164e1,-2.207562e1
1.817629e1,6.076445e1,-2.292713e1
1.820964e1,5.991317e1,-2.356148e1
1.824299e1,5.919369e1,-1.820651e1
1.827634e1,5.869940e1,-9.491294e0
1.830969e1,5.856093e1,-1.127848e1
1.834304e1,5.794750e1,-2.349653e1
1.837639e1,5.699450e1,-2.474706e1
1.840974e1,5.629770e1,-2.272606e1
1.844309e1,5.547943e1,-2.934588e1
1.847645e1,5.434130e1,-2.451715e1
1.850980e1,5.384495e1,5.612003e1
1.854315e1,5.808264e1,1.170211e2
1.857650e1,6.164636e1,6.215086e1
1.860985e1,6.222603e1,3.791425e1
1.864320e1,6.417398e1,9.346829e1
1.867655e1,6.845725e1,1.144942e2
1.870990e1,7.180693e1,6.493000e1
1.874325e1,7.278591e1,-1.319161e0
1.877660e1,7.171898e1,-4.134517e1
1.880996e1,7.002957e1,-2.764494e1
1.884331e1,6.987599e1,2.402682e1
1.887666e1,7.163136e1,2.775068e1
1.891001e1,7.172603e1,-1.191256e1
1.894336e1,7.083719e1,-1.358475e1
1.897671e1,7.082038e1,9.514720e0
1.901006e1,7.147150e1,-1.305398e0
1.904341e1,7.073335e1,-4.257379e1
1.907676e1,6.863325e1,-4.623278e1
1.911011e1,6.765117e1,-2.562883e1
1.914347e1,6.692466e1,-2.085813e1
1.917682e1,6.626063e1,-1.861115e1
1.921017e1,6.568392e1,-2.476949e1
1.924352e1,6.460933e1,-3.198283e1
1.927687e1,6.355173e1,-3.197071e1
1.931022e1,6.247795e1,-3.393799e1
1.934357e1,6.128920e1,-2.946993e1
1.937692e1,6.051328e1,-2.158750e1
1.941027e1,5.985003e1,-2.030980e1
1.944362e1,5.915930e1,-2.244648e1
1.947698e1,5.835360e1,-2.437790e1
1.951033e1,5.753410e1,2.619594e1
1.954368e1,6.009999e1,1.001018e2
1.957703e1,6.420756e1,8.867563e1
1.961038e1,6.601170e1,3.954154e1
1.964373e1,6.684366e1,4.334284e1
1.967708e1,6.890123e1,7.931028e1
1.971043e1,7.213101e1,7.210641e1
1.974378e1,7.370832e1,3.066565e1
1.977713e1,7.417539e1,6.425168e0
1.981048e1,7.413666e1,-6.086251e0
1.984384e1,7.376964e1,-6.028046e0
1.987719e1,7.373479e1,6.929763e-2
1.991054e1,7.377426e1,1.894802e0
1.994389e1,7.386111e1,1.753196e0
1.997724e1,7.389114e1,-5.048008e-2
2.001059e1,7.385775e1,-6.866722e0
2.004394e1,7.343336e1,-2.356092e1
2.007729e1,7.228702e1,-4.824387e1
2.011064e1,7.021710e1,-6.517120e1
2.014399e1,6.794227e1,-4.395233e1
2.017735e1,6.721369e1,-1.864544e1
2.021070e1,6.666817e1,-1.980579e1
2.024405e1,6.589330e1,-2.155630e1
2.027740e1,6.523108e1,-1.954260e1
2.031075e1,6.459046e1,-2.488091e1
2.034410e1,6.357236e1,-3.055375e1
2.037745e1,6.255355e1,-2.697182e1
2.041080e1,6.177423e1,-2.490998e1
2.044415e1,6.089288e1,-2.501434e1
2.047750e1,6.010661e1,-2.305495e1
2.051086e1,5.935588e1,-1.314464e0
2.054421e1,6.001898e1,7.801633e1
2.057756e1,6.455697e1,9.639099e1
2.061091e1,6.644505e1,4.068200e1
2.064426e1,6.726911e1,5.459072e1
2.067761e1,7.008443e1,1.061648e2
2.071096e1,7.434676e1,9.911928e1
2.074431e1,7.669238e1,3.816685e1
2.077766e1,7.689122e1,-6.539034e0
2.081101e1,7.625644e1,-1.546127e1
2.084437e1,7.586046e1,-1.407870e1
2.087772e1,7.531786e1,-7.329356e-1
2.091107e1,7.581160e1,9.920662e0
2.094442e1,7.597924e1,-4.456392e0
2.097777e1,7.551451e1,-6.497163e0
2.101112e1,7.554610e1,2.778389e0
2.104447e1,7.569974e1,-9.678216e0
2.107782e1,7.490088e1,-3.890766e1
2.111117e1,7.310589e1,-4.221773e1
2.114452e1,7.208637e1,-2.490664e1
2.117788e1,7.144545e1,-2.109660e1
2.121123e1,7.067993e1,-2.574234e1
2.124458e1,6.972929e1,-2.642678e1
2.127793e1,6.891814e1,-2.083508e1
2.131128e1,6.834029e1,-2.133314e1
2.134463e1,6.749593e1,-2.501864e1
2.137798e1,6.667238e1,-2.540571e1
2.141133e1,6.580222e1,-2.322235e1
2.144468e1,6.512422e1,-2.298068e1
2.147803e1,6.427017e1,-2.944576e1
2.151139e1,6.316117e1,-2.758451e1
2.154474e1,6.243121e1,4.355702e1
2.157809e1,6.606497e1,1.116191e2
2.161144e1,6.987248e1,6.871840e1
2.164479e1,7.064620e1,4.243592e1
2.167814e1,7.270154e1,9.931208e1
2.171149e1,7.726700e1,1.066621e2
2.174484e1,7.981235e1,4.510083e1
2.177819e1,8.027373e1,1.177063e-1
2.181154e1,7.982020e1,-9.786709e0
2.184490e1,7.962128e1,-1.302487e1
2.187825e1,7.895188e1,7.543608e0
2.191160e1,8.012419e1,1.830557e1
2.194495e1,8.017225e1,-4.801795e0
2.197830e1,7.980407e1,-4.677204e0
2.201165e1,7.986043e1,5.082392e0
2.204500e1,8.014289e1,-4.270722e0
2.207835e1,7.957572e1,-3.243328e1
2.211170e1,7.798067e1,-3.988577e1
2.214505e1,7.691667e1,-2.920516e1
2.217840e1,7.603366e1,-2.328313e1
2.221176e1,7.536446e1,-2.383583e1
2.224511e1,7.444461e1,-2.789975e1
2.227846e1,7.350448e1,-2.173614e1
2.231181e1,7.299553e1,-1.764008e1
2.234516e1,7.232847e1,-2.404594e1
2.237851e1,7.139247e1,-3.151908e1
2.241186e1,7.022720e1,-3.299181e1
2.244521e1,6.919301e1,-3.208100e1
2.247856e1,6.808847e1,-3.401038e1
2.251191e1,6.692566e1,-3.353599e1
2.254527e1,6.585273e1,1.610196e1
2.257862e1,6.799912e1,1.041282e2
2.261197e1,7.279461e1,1.055865e2
2.264532e1,7.503822e1,4.544092e1
2.267867e1,7.582400e1,5.268349e1
2.271202e1,7.855045e1,8.585587e1
2.274537e1,8.154773e1,7.330534e1
2.277872e1,8.343748e1,3.823739e1
2.281207e1,8.409689e1,-1.434126e0
2.284542e1,8.334187e1,-1.882431e1
2.287878e1,8.284193e1,-7.807165e0
2.291213e1,8.282139e1,2.195344e0
2.294548e1,8.298829e1,8.261776e0
2.297883e1,8.337218e1,7.249474e0
2.301218e1,8.347159e1,4.560861e-1
2.304553e1,8.340258e1,-8.836868e0
2.307888e1,8.288246e1,-2.443187e1
2.311223e1,8.177379e1,-4.902334e1
2.314558e1,7.961424e1,-5.873030e1
2.317893e1,7.785844e1,-3.603677e1
2.321229e1,7.721179e1,-1.902337e1
2.324564e1,7.659021e1,-1.909469e1
2.327899e1,7.590699e1,-2.073833e1
2.331234e1,7.517309e1,-2.186973e1
2.334569e1,7.444901e1,-2.447910e1
2.337904e1,7.354115e1,-2.948534e1
2.341239e1,7.248332e1,-2.732511e1
2.344574e1,7.171948e1,-2.067206e1
2.347909e1,7.110518e1,-1.793295e1
2.351244e1,7.052395e1,-1.679190e1
2.354580e1,6.998572e1,-2.893579e0
2.357915e1,7.033104e1,6.507001e1
2.361250e1,7.432372e1,8.397852e1
2.364585e1,7.592961e1,3.419690e1
2.367920e1,7.660351e1,5.660073e1
2.371255e1,7.970299e1,1.112094e2
2.374590e1,8.401747e1,1.113826e2
2.377925e1,8.712850e1,5.328030e1
2.381260e1,8.756949e1,-1.066995e1
2.384595e1,8.641717e1,-4.220887e1
2.387931e1,8.475557e1,-1.337312e1
2.391266e1,8.552563e1,2.772432e1
2.394601e1,8.660386e1,1.811278e1
2.397936e1,8.673315e1,-6.164461e0
2.401271e1,8.619289e1,-1.327798e1
2.404606e1,8.584795e1,-7.617743e-1
2.407941e1,8.614211e1,-2.358877e0
2.411276e1,8.569069e1,-3.877505e1
2.414611e1,8.355710e1,-5.851882e1
2.417946e1,8.178944e1,-3.366956e1
2.421281e1,8.131247e1,-1.875390e1
2.424617e1,8.053918e1,-1.614987e1
2.427952e1,8.023581e1,-1.492250e1
2.431287e1,7.954434e1,-1.798042e1
2.434622e1,7.903711e1,-1.151567e1
2.437957e1,7.877663e1,-1.009111e1
2.441292e1,7.836437e1,-1.225280e1
2.444627e1,7.795978e1,-1.484402e1
2.447962e1,7.737477e1,-1.267128e1
2.451297e1,7.711503e1,-5.693241e0
2.454632e1,7.699522e1,9.541950e-3
2.457968e1,7.711566e1,4.396618e1
2.461303e1,7.992630e1,5.185016e1
2.464638e1,8.057234e1,1.630443e1
2.467973e1,8.101326e1,3.812573e1
2.471308e1,8.311406e1,7.793051e1
2.474643e1,8.620863e1,9.339776e1
2.477978e1,8.934057e1,7.641672e1
2.481313e1,9.130308e1,3.812552e1
2.484648e1,9.188228e1,-9.847140e0
2.487983e1,9.064660e1,-2.810934e1
2.491319e1,9.000832e1,-5.653217e0
2.494654e1,9.026972e1,1.036586e1
2.497989e1,9.069938e1,9.633199e0
2.501324e1,9.091193e1,-4.916562e-1
2.504659e1,9.066660e1,-6.545411e0
2.507994e1,9.047557e1,-7.662742e0
2.511329e1,9.015575e1,-2.547989e1
2.514664e1,8.877691e1,-6.107629e1
2.517999e1,8.608400e1,-5.806937e1
2.521334e1,8.490562e1,-2.450427e1
2.524670e1,8.445038e1,-1.783892e1
2.528005e1,8.371636e1,-1.740724e1
2.531340e1,8.328990e1,-1.678892e1
2.534675e1,8.259710e1,-2.136152e1
2.538010e1,8.186580e1,-2.248231e1
2.541345e1,8.109828e1,-2.600585e1
2.544680e1,8.013207e1,-3.137101e1
2.548015e1,7.900688e1,-3.430837e1
2.551350e1,7.784485e1,-3.478074e1
2.554685e1,7.668816e1,-3.311969e1
2.558021e1,7.563687e1,5.105453e0
2.561356e1,7.702853e1,9.613846e1
2.564691e1,8.204610e1,1.079266e2
2.568026e1,8.422363e1,4.195084e1
2.571361e1,8.484282e1,4.899915e1
2.574696e1,8.749024e1,9.386620e1
2.578031e1,9.110057e1,8.423502e1
2.581366e1,9.310591e1,3.534686e1
2.584701e1,9.345703e1,1.348820e0
2.588036e1,9.319583e1,-1.409051e1
2.591372e1,9.251766e1,-1.026956e1
2.594707e1,9.251119e1,2.247123e0
2.598042e1,9.266747e1,7.731913e0
2.601377e1,9.302665e1,1.054849e1
2.604712e1,9.337070e1,5.663300e0
2.608047e1,9.340421e1,-5.691133e0
2.611382e1,9.299129e1,-2.330447e1
2.614717e1,9.185058e1,-4.681102e1
2.618052e1,8.987056e1,-6.241662e1
2.621387e1,8.768947e1,-4.842562e1
2.624723e1,8.664218e1,-2.371920e1
2.628058e1,8.610819e1,-1.551372e1
2.631393e1,8.560793e1,-1.615373e1
2.634728e1,8.500435e1,-2.250877e1
2.638063e1,8.406984e1,-2.550923e1
2.641398e1,8.330373e1,-2.345280e1
2.644733e1,8.250632e1,-2.436104e1
2.648068e1,8.167966e1,-2.920725e1
2.651403e1,8.055917e1,-3.452225e1
2.654738e1,7.937818e1,-3.464396e1
2.658073e1,7.824957e1,-1.972029e1
2.661409e1,7.806349e1,6.655289e1
2.664744e1,8.268643e1,1.216935e2
2.668079e1,8.617639e1,6.424285e1
2.671414e1,8.696928e1,4.731718e1
2.674749e1,8.933087e1,1.029517e2
2.678084e1,9.383273e1,1.120749e2
2.681419e1,9.680253e1,5.284597e1
2.684754e1,9.735579e1,-4.922283e0
2.688089e1,9.647438e1,-1.722895e1
2.691424e1,9.620720e1,-1.740571e1
2.694760e1,9.531400e1,-1.628943e0
2.698095e1,9.609860e1,2.160186e1
2.701430e1,9.675413e1,-8.778996e-1
2.704765e1,9.604008e1,-1.057397e1
2.708100e1,9.604919e1,6.178758e0
2.711435e1,9.645199e1,-4.743435e0
2.714770e1,9.573297e1,-3.631988e1
2.718105e1,9.403067e1,-3.883441e1
2.721440e1,9.314400e1,-2.445398e1
2.724775e1,9.240040e1,-2.389820e1
2.728111e1,9.155079e1,-2.369825e1
2.731446e1,9.082052e1,-2.810223e1
2.734781e1,8.967731e1,-3.312152e1
2.738116e1,8.861242e1,-2.573847e1
2.741451e1,8.796141e1,-2.034865e1
2.744786e1,8.725584e1,-1.974508e1
2.748121e1,8.664507e1,-2.323116e1
2.751456e1,8.570710e1,-3.707042e1
2.754791e1,8.417371e1,-4.629779e1
2.758126e1,8.262058e1,-4.144424e1
2.761462e1,8.141076e1,2.883793e1
2.764797e1,8.454311e1,1.106174e2
2.768132e1,8.878525e1,1.015485e2
2.771467e1,9.131301e1,5.148591e1
2.774802e1,9.221765e1,5.365212e1
2.778137e1,9.488981e1,9.632798e1
2.781472e1,9.863951e1,8.058158e1
2.784807e1,1.002619e2,1.510275e1
2.788142e1,9.964636e1,-2.101720e1
2.791477e1,9.886077e1,-2.119748e1
2.794813e1,9.823320e1,3.096852e0
2.798148e1,9.906723e1,2.276381e1
2.801483e1,9.975079e1,9.543146e0
2.804818e1,9.970344e1,-8.836273e0
2.808153e1,9.916170e1,-7.554547e0
2.811488e1,9.919980e1,5.250843e-2
2.814823e1,9.916520e1,-2.185381e1
2.818158e1,9.774288e1,-5.742151e1
2.821493e1,9.533710e1,-4.949650e1
2.824828e1,9.444312e1,-2.563246e1
2.828164e1,9.362827e1,-2.503942e1
2.831499e1,9.277382e1,-2.622609e1
2.834834e1,9.187986e1,-2.398117e1
2.838169e1,9.117508e1,-2.323051e1
2.841504e1,9.033116e1,-2.231429e1
2.844839e1,8.968746e1,-1.929397e1
2.848174e1,8.904490e1,-2.338367e1
2.851509e1,8.812854e1,-3.074273e1
2.854844e1,8.699538e1,-3.458706e1
2.858179e1,8.582274e1,-3.509216e1
2.861514e1,8.465591e1,-7.256496e0
2.864850e1,8.533897e1,7.817334e1
2.868185e1,8.986746e1,1.082685e2
2.871520e1,9.255687e1,5.582569e1
2.874855e1,9.358918e1,5.147653e1
2.878190e1,9.598864e1,9.333431e1
2.881525e1,9.981146e1,8.376873e1
2.884860e1,1.015732e2,2.757298e1
2.888195e1,1.016497e2,5.614783e0
2.891530e1,1.019475e2,-5.300435e0
2.894865e1,1.012963e2,-1.626897e1
2.898201e1,1.008629e2,1.376181e1
2.901536e1,1.022138e2,1.486882e1
2.904871e1,1.018542e2,-1.315555e1
2.908206e1,1.013367e2,-4.529379e0
2.911541e1,1.015522e2,4.318273e0
2.914876e1,1.016246e2,-1.388434e1
2.918211e1,1.006266e2,-3.494523e1
2.921546e1,9.929492e1,-3.194684e1
2.924881e1,9.849683e1,-2.680647e1
2.928216e1,9.750782e1,-2.979840e1
2.931552e1,9.651027e1,-2.240407e1
2.934887e1,9.601422e1,-1.496694e1
2.938222e1,9.551247e1,-1.055430e1
2.941557e1,9.531060e1,-2.070988e1
2.944892e1,9.409730e1,-3.779885e1
2.948227e1,9.272768e1,-3.906805e1
2.951562e1,9.149276e1,-3.522362e1
2.954897e1,9.037943e1,-3.467000e1
2.958232e1,8.918143e1,-3.415062e1
2.961567e1,8.810273e1,-2.145698e1
2.964903e1,8.775096e1,6.303215e1
2.968238e1,9.230487e1,1.270272e2
2.971573e1,9.621944e1,8.212758e1
2.974908e1,9.778004e1,3.537588e1
2.978243e1,9.857783e1,4.025273e1
2.981578e1,1.004636e2,6.413361e1
2.984913e1,1.028534e2,5.935144e1
2.988248e1,1.044203e2,3.569570e1
2.991583e1,1.052331e2,8.233003e0
2.994918e1,1.049692e2,-3.679612e0
2.998254e1,1.049878e2,6.601357e-1
3.001589e1,1.050132e2,2.303284e0
3.004924e1,1.051414e2,5.765904e0
3.008259e1,1.053976e2,4.753901e0
3.011594e1,1.054583e2,5.569952e-1
3.014929e1,1.054347e2,-1.130187e1
3.018264e1,1.047048e2,-3.517851e1
3.021599e1,1.030895e2,-6.474095e1
3.024934e1,1.003888e2,-5.938694e1
3.028269e1,9.913036e1,-2.798967e1
3.031605e1,9.852279e1,-2.065375e1
3.034940e1,9.775344e1,-1.713059e1
3.038275e1,9.738075e1,-1.296598e1
3.041610e1,9.688904e1,-2.430166e1
3.044945e1,9.576064e1,-3.253662e1
3.048280e1,9.471993e1,-3.128014e1
3.051615e1,9.367530e1,-3.210774e1
3.054950e1,9.257942e1,-2.895200e1
3.058285e1,9.174516e1,-2.514323e1
3.061620e1,9.090320e1,-2.404685e1
3.064955e1,9.014204e1,2.638433e1
3.068291e1,9.266216e1,9.881585e1
3.071626e1,9.672976e1,7.638564e1
3.074961e1,9.775453e1,3.413742e1
3.078296e1,9.900559e1,6.710403e1
3.081631e1,1.022281e2,1.036469e2
3.084966e1,1.059154e2,8.353198e1
3.088301e1,1.077969e2,1.827987e1
3.091636e1,1.071340e2,-2.901123e1
3.094971e1,1.058629e2,-2.234021e1
3.098306e1,1.056447e2,-2.241160e0
3.101642e1,1.057134e2,1.224093e1
3.104977e1,1.064608e2,1.571735e1
3.108312e1,1.067613e2,4.580252e-2
3.111647e1,1.064638e2,-9.479409e0
3.114982e1,1.061293e2,-7.728912e0
3.118317e1,1.059485e2,-1.710640e1
3.121652e1,1.049889e2,-4.510739e1
3.124987e1,1.029414e2,-4.681459e1
3.128322e1,1.018679e2,-2.651685e1
3.131657e1,1.011736e2,-2.197253e1
3.134993e1,1.004031e2,-2.475453e1
3.138328e1,9.952330e1,-2.026848e1
3.141663e1,9.905184e1,-2.035451e1
3.144998e1,9.816633e1,-2.222921e1
3.148333e1,9.756989e1,-2.470201e1
3.151668e1,9.651953e1,-3.209454e1
3.155003e1,9.543026e1,-2.971622e1
3.158338e1,9.453845e1,-3.031180e1
3.161673e1,9.340947e1,-3.231594e1
3.165008e1,9.238405e1,-8.829182e0
3.168344e1,9.282086e1,8.113613e1
3.171679e1,9.779313e1,1.129567e2
3.175014e1,1.003513e2,4.937036e1
3.178349e1,1.010845e2,4.550602e1
3.181684e1,1.033850e2,8.078842e1
3.185019e1,1.064704e2,7.814475e1
3.188354e1,1.085947e2,4.574329e1
3.191689e1,1.095199e2,1.413934e1
3.195024e1,1.095373e2,-1.350335e1
3.198359e1,1.086197e2,-1.332578e1
3.201695e1,1.086489e2,4.070683e0
3.205030e1,1.088911e2,8.707537e0
3.208365e1,1.092294e2,6.627408e0
3.211700e1,1.093329e2,2.619060e-1
3.215035e1,1.092469e2,-4.079098e0
3.218370e1,1.090610e2,-1.547198e1
3.221705e1,1.082154e2,-3.854471e1
3.225040e1,1.064913e2,-5.779268e1
3.228375e1,1.043626e2,-4.192863e1
3.231710e1,1.036961e2,-1.798328e1
3.235046e1,1.031637e2,-1.732633e1
3.238381e1,1.025410e2,-2.320980e1
3.241716e1,1.016164e2,-2.006736e1
3.245051e1,1.012032e2,-1.891918e1
3.248386e1,1.003551e2,-2.583880e1
3.251721e1,9.948059e1,-2.653353e1
3.255056e1,9.854197e1,-3.124998e1
3.258391e1,9.734517e1,-3.533866e1
3.261726e1,9.618606e1,-3.035402e1
3.265061e1,9.532157e1,-1.954700e1
3.268397e1,9.488293e1,5.160424e1
3.271732e1,9.876185e1,1.155440e2
3.275067e1,1.025859e2,6.916040e1
3.278402e1,1.033725e2,3.473486e1
3.281737e1,1.049015e2,7.439147e1
3.285072e1,1.083320e2,9.944409e1
3.288407e1,1.115311e2,6.828768e1
3.291742e1,1.128845e2,9.455640e0
3.295077e1,1.121615e2,-2.781347e1
3.298412e1,1.110303e2,-2.223787e1
3.301747e1,1.106790e2,-4.266260e-1
3.305083e1,1.110018e2,2.723727e1
3.308418e1,1.124948e2,1.546118e1
3.311753e1,1.120326e2,-1.676702e1
3.315088e1,1.113770e2,-7.672021e0
3.318423e1,1.115211e2,1.644171e0
3.321758e1,1.114866e2,-2.297573e1
3.325093e1,1.099894e2,-4.611848e1
3.328428e1,1.084120e2,-3.393887e1
3.331763e1,1.077268e2,-2.197471e1
3.335098e1,1.069471e2,-2.135060e1
3.338434e1,1.063034e2,-1.909728e1
3.341769e1,1.056739e2,-2.206135e1
3.345104e1,1.048327e2,-2.070954e1
3.348439e1,1.042933e2,-1.046966e1
3.351774e1,1.041347e2,-1.156940e1
3.355109e1,1.035220e2,-2.568896e1
3.358444e1,1.024221e2,-3.522802e1
3.361779e1,1.011734e2,-3.638123e1
3.365114e1,9.999667e1,-3.699544e1
3.368449e1,9.870708e1,4.290411e0
3.371785e1,1.002827e2,9.758169e1
3.375120e1,1.052125e2,9.423800e1
3.378455e1,1.065652e2,2.867506e1
3.381790e1,1.071242e2,5.752495e1
3.385125e1,1.104002e2,9.974495e1
3.388460e1,1.137739e2,7.726775e1
3.391795e1,1.155514e2,2.064796e1
3.395130e1,1.151504e2,-1.174811e1
3.398465e1,1.147682e2,-1.574670e1
3.401800e1,1.141006e2,-9.975335e-1
3.405136e1,1.147017e2,2.420542e1
3.408471e1,1.157143e2,1.364150e1
3.411806e1,1.156111e2,-8.012294e0
3.415141e1,1.151802e2,-6.729237e0
3.418476e1,1.151625e2,1.661789e0
3.421811e1,1.152909e2,-1.263739e1
3.425146e1,1.143200e2,-4.927246e1
3.428481e1,1.120061e2,-4.918673e1
3.431816e1,1.110409e2,-2.422317e1
3.435151e1,1.103912e2,-1.782401e1
3.438487e1,1.098526e2,-1.832233e1
3.441822e1,1.091697e2,-1.862500e1
3.445157e1,1.086110e2,-2.031968e1
3.448492e1,1.078151e2,-2.706606e1
3.451827e1,1.068066e2,-2.529408e1
3.455162e1,1.061288e2,-2.478369e1
3.458497e1,1.051543e2,-2.892417e1
3.461832e1,1.042005e2,-2.424304e1
3.465167e1,1.035381e2,-2.287310e1
3.468502e1,1.026757e2,-1.128731e1
3.471838e1,1.027856e2,7.081117e1
3.475173e1,1.073964e2,1.049752e2
3.478508e1,1.097840e2,4.135456e1
3.481843e1,1.101534e2,3.962861e1
3.485178e1,1.124259e2,9.656901e1
3.488513e1,1.165913e2,1.132666e2
3.491848e1,1.199770e2,6.527684e1
3.495183e1,1.209431e2,-1.565464e1
3.498518e1,1.189334e2,-6.193774e1
3.501853e1,1.168139e2,-1.888344e1
3.505188e1,1.176745e2,2.468393e1
3.508524e1,1.184595e2,1.951328e1
3.511859e1,1.189753e2,-2.162057e0
3.515194e1,1.183154e2,-1.257247e1
3.518529e1,1.181372e2,2.276988e0
3.521864e1,1.184672e2,-3.932089e0
3.525199e1,1.178750e2,-3.840839e1
3.528534e1,1.159066e2,-4.344618e1
3.531869e1,1.149786e2,-2.524447e1
3.535204e1,1.142237e2,-2.367649e1
3.538539e1,1.134002e2,-2.392086e1
3.541875e1,1.126289e2,-2.703349e1
3.545210e1,1.115980e2,-3.433995e1
3.548545e1,1.103396e2,-3.561047e1
3.551880e1,1.092239e2,-3.282303e1
3.555215e1,1.081514e2,-2.997347e1
3.558550e1,1.072257e2,-2.504264e1
3.561885e1,1.064819e2,-2.052490e1
3.565220e1,1.058232e2,-1.733769e1
3.568555e1,1.052972e2,-1.341887e1
3.571890e1,1.049286e2,4.464845e1
3.575226e1,1.082737e2,1.020829e2
3.578561e1,1.117341e2,6.896645e1
3.581896e1,1.128715e2,3.585515e1
3.585231e1,1.141244e2,5.079554e1
3.588566e1,1.162578e2,7.784429e1
3.591901e1,1.193141e2,7.599010e1
3.595236e1,1.213239e2,4.044000e1
3.598571e1,1.220101e2,1.544275e0
3.601906e1,1.214268e2,-1.013842e1
3.605241e1,1.213342e2,-1.594973e0
3.608577e1,1.213205e2,3.363862e0
3.611912e1,1.215584e2,7.901247e0
3.615247e1,1.218472e2,4.220358e0
3.618582e1,1.218398e2,-1.745858e0
3.621917e1,1.217308e2,-9.250831e0
3.625252e1,1.212231e2,-2.586454e1
3.628587e1,1.200065e2,-5.118533e1
3.631922e1,1.178107e2,-6.525201e1
3.635257e1,1.156564e2,-4.029772e1
3.638592e1,1.151242e2,-2.075703e1
3.641928e1,1.142726e2,-2.665158e1
3.645263e1,1.133474e2,-2.283116e1
3.648598e1,1.127505e2,-1.357761e1
3.651933e1,1.124422e2,-6.149193e0
3.655268e1,1.123406e2,-1.278280e1
3.658603e1,1.115901e2,-3.389072e1
3.661938e1,1.100812e2,-3.441554e1
3.665273e1,1.092957e2,-2.468538e1
3.668608e1,1.084355e2,-3.028666e1
3.671943e1,1.072766e2,-3.881316e0
3.675279e1,1.081767e2,8.413239e1
3.678614e1,1.128854e2,1.040660e2
3.681949e1,1.151145e2,4.291417e1
3.685284e1,1.157464e2,5.187213e1
3.688619e1,1.185726e2,1.040370e2
3.691954e1,1.226822e2,9.261502e1
3.695289e1,1.247470e2,2.812433e1
3.698624e1,1.245571e2,-2.390643e1
3.701959e1,1.231532e2,-2.179654e1
3.705294e1,1.231040e2,-8.091608e0
3.708630e1,1.226138e2,2.728857e0
3.711965e1,1.232859e2,1.796686e1
3.715300e1,1.238115e2,4.860191e0
3.718635e1,1.236099e2,-9.731152e0
3.721970e1,1.231628e2,-9.642255e0
3.725305e1,1.229671e2,-1.003394e1
3.728640e1,1.224939e2,-3.678020e1
3.731975e1,1.205151e2,-5.349952e1
3.735310e1,1.189272e2,-3.207046e1
3.738645e1,1.183771e2,-1.935306e1
3.741980e1,1.176370e2,-2.458307e1
3.745316e1,1.167382e2,-1.518921e1
3.748651e1,1.166244e2,-6.910021e0
3.751986e1,1.162775e2,-1.112976e1
3.755321e1,1.158824e2,-1.059044e1
3.758656e1,1.155715e2,-1.855859e1
3.761991e1,1.146452e2,-2.751364e1
3.765326e1,1.137373e2,-2.737134e1
3.768661e1,1.128204e2,-3.190651e1
3.771996e1,1.116102e2,-2.359794e1
3.775331e1,1.112472e2,6.122197e1
3.778667e1,1.156916e2,1.137812e2
3.782002e1,1.188327e2,4.824367e1
3.785337e1,1.189079e2,3.866753e1
3.788672e1,1.214105e2,1.000177e2
3.792007e1,1.255757e2,1.075639e2
3.795342e1,1.285814e2,4.658163e1
3.798677e1,1.286812e2,-1.213907e1
3.802012e1,1.277721e2,-2.864341e1
3.805347e1,1.267716e2,-2.128484e1
3.808682e1,1.263532e2,1.735012e1
3.812018e1,1.279283e2,2.618490e1
3.815353e1,1.280988e2,-7.838469e0
3.818688e1,1.274057e2,-1.046063e1
3.822023e1,1.274014e2,5.735162e0
3.825358e1,1.277881e2,-1.889384e0
3.828693e1,1.272755e2,-3.415650e1
3.832028e1,1.255110e2,-3.793594e1
3.835363e1,1.247464e2,-2.248908e1
3.838698e1,1.240117e2,-2.322292e1
3.842033e1,1.231982e2,-2.483330e1
3.845369e1,1.223561e2,-2.468199e1
3.848704e1,1.215528e2,-1.685256e1
3.852039e1,1.212326e2,-1.695631e1
3.855374e1,1.204223e2,-3.469614e1
3.858709e1,1.189196e2,-3.786399e1
3.862044e1,1.178981e2,-3.227220e1
3.865379e1,1.167681e2,-3.571032e1
3.868714e1,1.155174e2,-3.192260e1
3.872049e1,1.146399e2,-2.508769e1
3.875384e1,1.138031e2,3.586828e1
3.878720e1,1.170909e2,1.167063e2
3.882055e1,1.215835e2,9.993193e1
3.885390e1,1.237530e2,4.926156e1
3.888725e1,1.248676e2,5.464129e1
3.892060e1,1.273958e2,8.066808e1
3.895395e1,1.302455e2,5.947909e1
3.898730e1,1.313611e2,2.116305e1
3.902065e1,1.316563e2,4.238554e0
3.905400e1,1.316436e2,-1.151019e1
3.908735e1,1.308890e2,-1.643251e0
3.912071e1,1.315341e2,1.097144e1
3.915406e1,1.316204e2,1.674260e0
3.918741e1,1.316457e2,-4.854767e-1
3.922076e1,1.315880e2,1.932376e-1
3.925411e1,1.316586e2,-1.985671e0
3.928746e1,1.314557e2,-2.013778e1
3.932081e1,1.303161e2,-3.883086e1
3.935416e1,1.288669e2,-3.575501e1
3.938751e1,1.279324e2,-2.702718e1
3.942086e1,1.270651e2,-2.596647e1
3.945421e1,1.262013e2,-2.769258e1
3.948757e1,1.252190e2,-2.877867e1
3.952092e1,1.242827e2,-3.195300e1
3.955427e1,1.230888e2,-4.340673e1
3.958762e1,1.213889e2,-5.032722e1
3.962097e1,1.197336e2,-4.453378e1
3.965432e1,1.184200e2,-3.591554e1
3.968767e1,1.173392e2,-2.809841e1
3.972102e1,1.165468e2,-2.061911e1
3.975437e1,1.159646e2,1.043071e1
3.978772e1,1.172422e2,9.495819e1
3.982108e1,1.222952e2,1.184514e2
3.985443e1,1.251389e2,5.466949e1
3.988778e1,1.259398e2,4.310925e1
3.992113e1,1.280129e2,7.058731e1
3.995448e1,1.306456e2,5.782830e1
3.998783e1,1.318681e2,2.447365e1
4.002118e1,1.322772e2,2.983352e0
4.005453e1,1.320670e2,-5.767615e-1
4.008788e1,1.322388e2,1.256606e1
4.012123e1,1.329047e2,7.881519e0
4.015459e1,1.327642e2,-1.052978e1
4.018794e1,1.322027e2,-4.631266e0
4.022129e1,1.324554e2,7.448795e0
4.025464e1,1.326993e2,3.833695e-2
4.028799e1,1.324580e2,-1.642542e1
4.032134e1,1.316043e2,-2.711711e1
4.035469e1,1.306502e2,-3.033368e1
4.038804e1,1.295821e2,-2.798371e1
4.042139e1,1.287846e2,-2.445274e1
4.045474e1,1.279519e2,-2.439010e1
4.048810e1,1.271586e2,-3.253362e1
4.052145e1,1.257830e2,-4.558078e1
4.055480e1,1.241199e2,-4.603619e1
4.058815e1,1.227139e2,-3.805167e1
4.062150e1,1.215831e2,-3.582582e1
4.065485e1,1.203255e2,-3.131605e1
4.068820e1,1.194954e2,-2.347477e1
4.072155e1,1.187605e2,-2.476877e1
4.075490e1,1.178441e2,-1.988010e1
4.078825e1,1.174352e2,6.799524e1
4.082161e1,1.223771e2,1.382761e2
4.085496e1,1.266536e2,9.858159e1
4.088831e1,1.289492e2,5.655688e1
4.092166e1,1.304240e2,5.109120e1
4.095501e1,1.323553e2,5.844004e1
4.098836e1,1.343200e2,4.218142e1
4.102171e1,1.351674e2,1.888408e1
4.105506e1,1.355790e2,1.404734e1
4.108841e1,1.361039e2,4.092840e0
4.112176e1,1.358518e2,-1.289829e0
4.115512e1,1.360179e2,2.981859e0
4.118847e1,1.360506e2,1.263701e-1
4.122182e1,1.360263e2,-5.709482e-1
4.125517e1,1.360126e2,-8.497088e-1
4.128852e1,1.359697e2,-6.943333e0
4.132187e1,1.355497e2,-2.744039e1
4.135522e1,1.341403e2,-4.439081e1
4.138857e1,1.325903e2,-4.039211e1
4.142192e1,1.314475e2,-2.739368e1
4.145527e1,1.307640e2,-2.093913e1
4.148863e1,1.300516e2,-2.138076e1
4.152198e1,1.293387e2,-2.277026e1
4.155533e1,1.285336e2,-3.128739e1
4.158868e1,1.272528e2,-3.787493e1
4.162203e1,1.260086e2,-3.513631e1
4.165538e1,1.249104e2,-3.649862e1
4.168873e1,1.235753e2,-3.932495e1
4.172208e1,1.222887e2,-3.326370e1
4.175543e1,1.213578e2,-2.508678e1
4.178878e1,1.206163e2,3.510806e1
4.182213e1,1.236983e2,1.175440e2
4.185549e1,1.286485e2,1.146771e2
4.188884e1,1.315346e2,5.524242e1
4.192219e1,1.323313e2,5.197553e1
4.195554e1,1.349996e2,8.089627e1
4.198889e1,1.377244e2,5.785513e1
4.202224e1,1.388566e2,1.095311e1
4.205559e1,1.384546e2,-9.804899e0
4.208894e1,1.382029e2,3.420833e-2
4.212229e1,1.384569e2,9.472375e0
4.215564e1,1.388344e2,8.599573e0
4.218900e1,1.390302e2,8.540012e-1
4.222235e1,1.388914e2,-1.849451e0
4.225570e1,1.389069e2,2.075034e0
4.228905e1,1.390297e2,-9.857056e-1
4.232240e1,1.388412e2,-1.835979e1
4.235575e1,1.378057e2,-3.304274e1
4.238910e1,1.366383e2,-3.175988e1
4.242245e1,1.356884e2,-2.899922e1
4.245580e1,1.347050e2,-2.568577e1
4.248915e1,1.339760e2,-2.453031e1
4.252251e1,1.330697e2,-3.509699e1
4.255586e1,1.316362e2,-4.233591e1
4.258921e1,1.302473e2,-4.229596e1
4.262256e1,1.288165e2,-3.972415e1
4.265591e1,1.275990e2,-2.846050e1
4.268926e1,1.269191e2,-1.808437e1
4.272261e1,1.263934e2,-2.019764e1
4.275596e1,1.255726e2,-3.184321e1
4.278931e1,1.242705e2,-1.757731e1
4.282266e1,1.244008e2,7.049075e1
4.285602e1,1.289699e2,1.172320e2
4.288937e1,1.322163e2,8.092781e1
4.292272e1,1.343651e2,5.776559e1
4.295607e1,1.360673e2,6.339536e1
4.298942e1,1.385914e2,6.482001e1
4.302277e1,1.403886e2,4.912042e1
4.305612e1,1.418661e2,2.063203e1
4.308947e1,1.417641e2,-6.704923e0
4.312282e1,1.414191e2,2.311907e-1
4.315617e1,1.417795e2,7.025833e0
4.318953e1,1.418875e2,4.509977e0
4.322288e1,1.420802e2,2.400681e0
4.325623e1,1.420476e2,-1.362735e0
4.328958e1,1.419893e2,-2.865120e0
4.332293e1,1.418566e2,-1.332251e1
4.335628e1,1.411012e2,-3.583677e1
4.338963e1,1.394674e2,-4.737084e1
4.342298e1,1.379431e2,-3.989978e1
4.345633e1,1.368075e2,-3.520597e1
4.348968e1,1.355960e2,-3.523324e1
4.352304e1,1.344586e2,-2.841718e1
4.355639e1,1.337016e2,-2.295452e1
4.358974e1,1.329283e2,-2.310180e1
4.362309e1,1.321614e2,-2.845104e1
4.365644e1,1.310315e2,-3.378499e1
4.368979e1,1.299091e2,-3.391895e1
4.372314e1,1.287703e2,-3.518071e1
4.375649e1,1.275637e2,-3.403710e1
4.378984e1,1.265011e2,-2.653355e1
4.382319e1,1.257948e2,5.542364e1
4.385654e1,1.301960e2,1.329962e2
4.388990e1,1.346612e2,9.258464e1
4.392325e1,1.363683e2,4.894992e1
4.395660e1,1.379246e2,7.541089e1
4.398995e1,1.413957e2,8.983978e1
4.402330e1,1.439139e2,4.171932e1
4.405665e1,1.441770e2,-1.618030e0
4.409000e1,1.438060e2,3.438456e0
4.412335e1,1.444063e2,-5.529561e0
4.415670e1,1.434374e2,-4.036891e0
4.419005e1,1.441371e2,1.073844e1
4.422341e1,1.441533e2,-2.349318e0
4.425676e1,1.439805e2,3.123461e-1
4.429011e1,1.441741e2,2.553132e0
4.432346e1,1.441507e2,-7.091223e0
4.435681e1,1.437013e2,-1.990119e1
4.439016e1,1.428240e2,-3.124657e1
4.442351e1,1.416182e2,-3.283834e1
4.445686e1,1.406347e2,-2.960879e1
4.449021e1,1.396443e2,-2.899509e1
4.452356e1,1.387017e2,-2.726141e1
4.455692e1,1.378269e2,-2.659408e1
4.459027e1,1.369288e2,-2.964735e1
4.462362e1,1.358504e2,-3.412964e1
4.465697e1,1.346535e2,-3.210989e1
4.469032e1,1.337097e2,-3.020109e1
4.472367e1,1.326401e2,-3.245956e1
4.475702e1,1.315458e2,-3.153745e1
4.479037e1,1.305376e2,-3.201640e1
4.482372e1,1.294113e2,1.266601e1
4.485707e1,1.313820e2,1.047996e2
4.489043e1,1.363980e2,1.250805e2
4.492378e1,1.397207e2,5.992807e1
4.495713e1,1.404931e2,3.757630e1
4.499048e1,1.422884e2,7.048392e1
4.502383e1,1.451920e2,6.486031e1
4.505718e1,1.466124e2,3.370001e1
4.509053e1,1.474387e2,1.283727e1
4.512388e1,1.474682e2,-2.573737e-1
4.515723e1,1.474215e2,9.617778e-1
4.519058e1,1.475324e2,3.916656e0
4.522394e1,1.476826e2,1.231725e0
4.525729e1,1.476145e2,-1.475231e0
4.529064e1,1.475843e2,-8.416287e-1
4.532399e1,1.475584e2,-3.113631e0
4.535734e1,1.473767e2,-1.785768e1
4.539069e1,1.463679e2,-4.753265e1
4.542404e1,1.442078e2,-5.080640e1
4.545739e1,1.429808e2,-3.255031e1
4.549074e1,1.420378e2,-3.497381e1
4.552409e1,1.406492e2,-3.623506e1
4.555745e1,1.396222e2,-2.723868e1
4.559080e1,1.388333e2,-2.462071e1
4.562415e1,1.379808e2,-1.913605e1
4.565750e1,1.375575e2,-1.981102e1
4.569085e1,1.366600e2,-3.010927e1
4.572420e1,1.355502e2,-3.104824e1
4.575755e1,1.345902e2,-2.918541e1
4.579090e1,1.336046e2,-3.078215e1
4.582425e1,1.325380e2,-1.536426e1
4.585760e1,1.325803e2,7.268614e1
4.589096e1,1.373838e2,1.215120e2
4.592431e1,1.406811e2,6.914546e1
4.595766e1,1.419935e2,4.767606e1
4.599101e1,1.438595e2,8.194979e1
4.602436e1,1.474568e2,8.747464e1
4.605771e1,1.496911e2,4.365337e1
4.609106e1,1.503670e2,4.587871e0
4.612441e1,1.499970e2,-1.429542e1
4.615776e1,1.494140e2,-4.758839e0
4.619111e1,1.496797e2,1.229309e1
4.622446e1,1.502335e2,6.797600e0
4.625782e1,1.501329e2,-5.536627e0
4.629117e1,1.498644e2,-3.342897e0
4.632452e1,1.499100e2,3.229364e0
4.635787e1,1.500797e2,-8.143065e0
4.639122e1,1.493672e2,-3.398722e1
4.642457e1,1.478139e2,-4.066632e1
4.645792e1,1.466561e2,-3.237724e1
4.649127e1,1.456554e2,-2.513034e1
4.652462e1,1.449807e2,-1.308904e1
4.655797e1,1.447828e2,-1.975273e1
4.659133e1,1.436639e2,-3.885328e1
4.662468e1,1.421926e2,-4.119397e1
4.665803e1,1.409176e2,-3.234758e1
4.669138e1,1.400361e2,-2.569707e1
4.672473e1,1.392045e2,-2.474186e1
4.675808e1,1.383866e2,-2.303948e1
4.679143e1,1.376685e2,-2.514521e1
4.682478e1,1.367103e2,-2.595648e1
4.685813e1,1.359381e2,4.549691e1
4.689148e1,1.397434e2,1.138068e2
4.692484e1,1.435252e2,8.205204e1
4.695819e1,1.452135e2,3.957572e1
4.699154e1,1.461636e2,4.789262e1
4.702489e1,1.484064e2,6.463964e1
4.705824e1,1.504729e2,5.585618e1
4.709159e1,1.521301e2,4.217999e1
4.712494e1,1.532849e2,1.676997e1
4.715829e1,1.532481e2,-1.975599e1
4.719164e1,1.519678e2,-1.655026e1
4.722499e1,1.521448e2,5.055152e0
4.725835e1,1.523048e2,7.556542e0
4.729170e1,1.526485e2,3.782668e0
4.732505e1,1.525570e2,-2.271265e0
4.735840e1,1.524971e2,-4.758161e0
4.739175e1,1.522398e2,-2.251815e1
4.742510e1,1.509959e2,-3.921382e1
4.745845e1,1.496255e2,-3.290863e1
4.749180e1,1.488020e2,-2.503134e1
4.752515e1,1.479568e2,-2.669377e1
4.755850e1,1.470224e2,-3.135707e1
4.759186e1,1.458663e2,-3.683794e1
4.762521e1,1.445665e2,-3.742315e1
4.765856e1,1.433714e2,-3.529551e1
4.769191e1,1.422135e2,-3.485907e1
4.772526e1,1.410475e2,-3.208146e1
4.775861e1,1.400748e2,-2.618926e1
4.779196e1,1.393015e2,-2.249388e1
4.782531e1,1.385752e2,-2.373709e1
4.785866e1,1.377191e2,8.236094e0
4.789201e1,1.391242e2,9.110377e1
4.792537e1,1.437927e2,1.223912e2
4.795872e1,1.472836e2,7.563036e1
4.799207e1,1.488347e2,4.404319e1
4.802542e1,1.502199e2,5.256615e1
4.805877e1,1.524267e2,5.336885e1
4.809212e1,1.538667e2,3.439331e1
4.812547e1,1.547196e2,1.907596e1
4.815882e1,1.551385e2,2.218658e0
4.819217e1,1.548675e2,-4.078017e0
4.822552e1,1.548666e2,-2.091279e0
4.825887e1,1.547281e2,-1.327259e-1
4.829223e1,1.548577e2,2.643768e0
4.832558e1,1.549043e2,-8.258078e-2
4.835893e1,1.548522e2,-3.198528e0
4.839228e1,1.546911e2,-1.498489e1
4.842563e1,1.538532e2,-4.000207e1
4.845898e1,1.520243e2,-4.819764e1
4.849233e1,1.506401e2,-3.662263e1
4.852568e1,1.495828e2,-3.006651e1
4.855903e1,1.486356e2,-2.517069e1
4.859238e1,1.479047e2,-1.215297e1
4.862574e1,1.478254e2,-6.976739e-1
4.865909e1,1.478582e2,-1.294721e1
4.869244e1,1.469623e2,-3.556824e1
4.872579e1,1.454870e2,-4.523058e1
4.875914e1,1.439469e2,-4.175493e1
4.879249e1,1.427033e2,-3.574692e1
4.882584e1,1.415638e2,-3.154865e1
4.885919e1,1.406001e2,-1.593647e1
4.889254e1,1.405014e2,7.166798e1
4.892589e1,1.453780e2,1.365243e2
4.895925e1,1.496030e2,7.116735e1
4.899260e1,1.501225e2,4.018117e1
4.902595e1,1.522817e2,9.000512e1
4.905930e1,1.561228e2,9.129511e1
4.909265e1,1.583681e2,2.028794e1
4.912600e1,1.574753e2,-1.537642e1
4.915935e1,1.573430e2,1.632950e0
4.919270e1,1.575842e2,2.972638e0
4.922605e1,1.575411e2,1.416293e1
4.925940e1,1.585284e2,7.398115e0
4.929276e1,1.580344e2,-1.102542e1
4.932611e1,1.577934e2,-6.425831e-1
4.935946e1,1.579915e2,5.624723e0
4.939281e1,1.581683e2,-7.976711e0
4.942616e1,1.574597e2,-2.875546e1
4.945951e1,1.562513e2,-3.416690e1
4.949286e1,1.551819e2,-3.605474e1
4.952621e1,1.538477e2,-3.263438e1
4.955956e1,1.530063e2,-1.879470e1
4.959291e1,1.525947e2,-1.211165e1
4.962627e1,1.521989e2,-1.965556e1
4.965962e1,1.512843e2,-3.250750e1
4.969297e1,1.500317e2,-3.636639e1
4.972632e1,1.488599e2,-3.820830e1
4.975967e1,1.474845e2,-3.583507e1
4.979302e1,1.464709e2,-2.529068e1
4.982637e1,1.457984e2,-2.070313e1
4.985972e1,1.450907e2,-2.137661e1
4.989307e1,1.443733e2,3.535217e1
4.992642e1,1.474475e2,1.013807e2
4.995978e1,1.511320e2,9.168379e1
4.999313e1,1.535597e2,5.553446e1
5.002648e1,1.548343e2,5.300878e1
5.005983e1,1.570937e2,7.302016e1
5.009318e1,1.597024e2,4.952939e1
5.012653e1,1.603956e2,1.711217e1
5.015988e1,1.608432e2,9.455397e0
5.019323e1,1.610260e2,-4.762331e-1
5.022658e1,1.608114e2,-3.265758e0
5.025993e1,1.608083e2,2.123804e0
5.029329e1,1.609530e2,5.640167e0
5.032664e1,1.611843e2,5.584119e0
5.035999e1,1.613253e2,1.871434e0
5.039334e1,1.613090e2,-7.439422e0
5.042669e1,1.608293e2,-2.436011e1
5.046004e1,1.596850e2,-4.642601e1
5.049339e1,1.577343e2,-6.074534e1
5.052674e1,1.556353e2,-4.572612e1
5.056009e1,1.546858e2,-2.211906e1
5.059344e1,1.541607e2,-1.716861e1
5.062679e1,1.535413e2,-2.205045e1
5.066015e1,1.526907e2,-2.710081e1
5.069350e1,1.517345e2,-2.823460e1
5.072685e1,1.508084e2,-2.459574e1
5.076020e1,1.500948e2,-1.969784e1
5.079355e1,1.494952e2,-1.474044e1
5.082690e1,1.491121e2,-1.265184e1
5.086025e1,1.486517e2,-1.757599e1
5.089360e1,1.479404e2,3.812157e0
5.092695e1,1.489059e2,7.612116e1
5.096030e1,1.530151e2,7.357798e1
5.099366e1,1.538111e2,2.803942e1
5.102701e1,1.548844e2,6.670637e1
5.106036e1,1.582582e2,1.159493e2
5.109371e1,1.626144e2,1.091754e2
5.112706e1,1.655365e2,5.192297e1
5.116041e1,1.661625e2,-1.433868e1
5.119376e1,1.645567e2,-3.842954e1
5.122711e1,1.636005e2,-1.478767e1
5.126046e1,1.635709e2,6.596890e0
5.129381e1,1.640403e2,1.484917e1
5.132717e1,1.645608e2,1.329688e1
5.136052e1,1.649267e2,5.537903e0
5.139387e1,1.649300e2,-6.609074e0
5.142722e1,1.644861e2,-2.107252e1
5.146057e1,1.635252e2,-4.237466e1
5.149392e1,1.616612e2,-6.311654e1
5.152727e1,1.593174e2,-6.287402e1
5.156062e1,1.574696e2,-3.798534e1
5.159397e1,1.567851e2,-1.914299e1
5.162732e1,1.561934e2,-2.187559e1
5.166068e1,1.553267e2,-2.375819e1
5.169403e1,1.546095e2,-1.952785e1
5.172738e1,1.540248e2,-1.740200e1
5.176073e1,1.534494e2,-1.343704e1
5.179408e1,1.531290e2,-1.563422e1
5.182743e1,1.524071e2,-2.214325e1
5.186078e1,1.516528e2,-2.244679e1
5.189413e1,1.509106e2,-1.785212e1
5.192748e1,1.504627e2,4.782069e1
5.196083e1,1.540987e2,9.629936e1
5.199419e1,1.568826e2,4.216642e1
5.202754e1,1.569098e2,3.698960e1
5.206089e1,1.593486e2,1.054844e2
5.209424e1,1.639420e2,1.237728e2
5.212759e1,1.676001e2,5.930611e1
5.216094e1,1.678958e2,-1.628783e1
5.219429e1,1.665143e2,-2.718781e1
5.222764e1,1.660833e2,-6.238899e0
5.226099e1,1.660983e2,1.783634e1
5.229434e1,1.672724e2,1.065045e1
5.232770e1,1.668084e2,-1.035786e1
5.236105e1,1.665818e2,3.455126e0
5.239440e1,1.670387e2,4.259143e0
5.242775e1,1.668658e2,-1.245038e1
5.246110e1,1.662087e2,-2.405376e1
5.249445e1,1.652622e2,-3.420335e1
5.252780e1,1.639285e2,-3.781679e1
5.256115e1,1.627411e2,-2.458925e1
5.259450e1,1.622892e2,-1.046790e1
5.262785e1,1.620432e2,-1.214368e1
5.266120e1,1.614796e2,-2.644130e1
5.269456e1,1.602805e2,-4.095600e1
5.272791e1,1.587492e2,-4.232272e1
5.276126e1,1.574589e2,-3.721188e1
5.279461e1,1.562684e2,-3.077332e1
5.282796e1,1.554074e2,-2.751312e1
5.286131e1,1.544342e2,-2.808540e1
5.289466e1,1.535350e2,-2.631008e1
5.292801e1,1.526802e2,1.604994e1
5.296136e1,1.546050e2,9.561192e1
5.299471e1,1.590543e2,1.098244e2
5.302807e1,1.619267e2,5.921909e1
5.306142e1,1.630023e2,5.479136e1
5.309477e1,1.655794e2,8.173038e1
5.312812e1,1.684510e2,6.944103e1
5.316147e1,1.702088e2,3.776620e1
5.319482e1,1.709687e2,9.957407e0
5.322817e1,1.708726e2,-5.967094e0
5.326152e1,1.705709e2,-6.337362e0
5.329487e1,1.704502e2,1.971121e0
5.332822e1,1.707023e2,9.534936e0
5.336158e1,1.710858e2,8.103013e0
5.339493e1,1.712425e2,1.339516e0
5.342828e1,1.711751e2,-6.746914e0
5.346163e1,1.707927e2,-2.138802e1
5.349498e1,1.697492e2,-4.497591e1
5.352833e1,1.677943e2,-6.088137e1
5.356168e1,1.656905e2,-4.789561e1
5.359503e1,1.646013e2,-2.744510e1
5.362838e1,1.638608e2,-1.985878e1
5.366173e1,1.632774e2,-2.227236e1
5.369509e1,1.623760e2,-3.067263e1
5.372844e1,1.612325e2,-3.365001e1
5.376179e1,1.601327e2,-2.811412e1
5.379514e1,1.593582e2,-2.210162e1
5.382849e1,1.586592e2,-2.273682e1
5.386184e1,1.578425e2,-2.171739e1
5.389519e1,1.572114e2,-1.796974e1
5.392854e1,1.566445e2,-7.534572e0
5.396189e1,1.567091e2,6.910317e1
5.399524e1,1.612514e2,1.167382e2
5.402860e1,1.644916e2,5.232838e1
5.406195e1,1.647399e2,4.664829e1
5.409530e1,1.676015e2,1.106064e2
5.412865e1,1.721137e2,9.507761e1
5.416200e1,1.739400e2,2.520254e1
5.419535e1,1.737938e2,-6.599151e0
5.422870e1,1.734891e2,-2.719309e0
5.426205e1,1.736080e2,-7.006145e0
5.429540e1,1.730220e2,-3.469388e0
5.432875e1,1.733767e2,1.065032e1
5.436211e1,1.737320e2,8.793151e0
5.439546e1,1.739629e2,7.864596e0
5.442881e1,1.742563e2,1.714356e0
5.446216e1,1.740772e2,-1.567212e1
5.449551e1,1.732115e2,-3.995983e1
5.452886e1,1.714132e2,-6.090764e1
5.456221e1,1.691510e2,-5.971247e1
5.459556e1,1.674324e2,-3.768034e1
5.462891e1,1.666390e2,-2.280985e1
5.466226e1,1.659118e2,-2.321799e1
5.469562e1,1.650911e2,-2.129725e1
5.472897e1,1.644919e2,-2.101923e1
5.476232e1,1.636898e2,-1.647366e1
5.479567e1,1.633937e2,-9.414881e0
5.482902e1,1.630622e2,-1.259857e1
5.486237e1,1.625538e2,-2.154795e1
5.489572e1,1.616257e2,-2.931055e1
5.492907e1,1.605997e2,-2.415138e1
5.496242e1,1.600156e2,4.785703e1
5.499577e1,1.637902e2,1.072323e2
5.502912e1,1.671644e2,5.387533e1
5.506248e1,1.673819e2,2.892296e1
5.509583e1,1.690926e2,8.690268e1
5.512918e1,1.731754e2,1.141266e2
5.516253e1,1.767010e2,7.619364e1
5.519588e1,1.782550e2,1.164454e1
5.522923e1,1.774773e2,-4.051017e1
5.526258e1,1.755543e2,-3.080444e1
5.529593e1,1.754237e2,1.457400e0
5.532928e1,1.756515e2,1.664983e1
5.536263e1,1.765337e2,2.605565e1
5.539599e1,1.773885e2,8.761505e0
5.542934e1,1.771178e2,-1.234384e1
5.546269e1,1.765656e2,-1.261870e1
5.549604e1,1.762765e2,-2.088488e1
5.552939e1,1.751733e2,-5.011765e1
5.556274e1,1.729354e2,-5.365828e1
5.559609e1,1.715961e2,-2.809351e1
5.562944e1,1.710625e2,-1.601942e1
5.566279e1,1.705281e2,-1.959389e1
5.569614e1,1.697562e2,-2.984941e1
5.572950e1,1.685381e2,-3.088057e1
5.576285e1,1.676975e2,-2.264782e1
5.579620e1,1.670283e2,-1.579934e1
5.582955e1,1.666442e2,-1.472179e1
5.586290e1,1.660468e2,-2.267166e1
5.589625e1,1.651328e2,-2.533719e1
5.592960e1,1.643577e2,-2.770039e1
5.596295e1,1.632861e2,1.933789e0
5.599630e1,1.644866e2,9.023975e1
5.602965e1,1.693021e2,9.953796e1
5.606301e1,1.711225e2,3.587242e1
5.609636e1,1.716936e2,5.722017e1
5.612971e1,1.749371e2,9.393165e1
5.616306e1,1.779557e2,6.122263e1
5.619641e1,1.790186e2,1.577560e1
5.622976e1,1.790074e2,3.511945e0
5.626311e1,1.792528e2,-9.928311e0
5.629646e1,1.783455e2,-1.191283e1
5.632981e1,1.784586e2,1.379007e1
5.636316e1,1.792648e2,1.852883e1
5.639652e1,1.796938e2,8.969517e0
5.642987e1,1.798628e2,-5.236755e0
5.646322e1,1.793447e2,-1.503154e1
5.649657e1,1.788607e2,-2.093351e1
5.652992e1,1.779492e2,-3.893444e1
5.656327e1,1.762651e2,-5.195052e1
5.659662e1,1.744858e2,-4.172262e1
5.662997e1,1.734835e2,-2.144583e1
5.666332e1,1.730561e2,-1.432267e1
5.669667e1,1.725287e2,-2.039585e1
5.673003e1,1.716963e2,-3.054241e1
5.676338e1,1.704925e2,-3.965221e1
5.679673e1,1.690529e2,-4.319417e1
5.683008e1,1.676129e2,-3.692507e1
5.686343e1,1.665912e2,-2.562209e1
5.689678e1,1.659048e2,-2.335156e1
5.693013e1,1.650344e2,-2.951578e1
5.696348e1,1.639371e2,-2.271787e1
5.699683e1,1.635199e2,7.057130e1
5.703018e1,1.686418e2,1.472402e2
5.706353e1,1.733359e2,7.882963e1
5.709689e1,1.738971e2,3.772601e1
5.713024e1,1.758510e2,9.351225e1
5.716359e1,1.801313e2,9.450078e1
5.719694e1,1.821510e2,2.430347e1
5.723029e1,1.817515e2,-1.162124e1
5.726364e1,1.813763e2,2.540574e-1
5.729699e1,1.817685e2,-1.535993e0
5.733034e1,1.812739e2,-4.515551e0
5.736369e1,1.814599e2,1.335050e1
5.739704e1,1.821862e2,8.741587e0
5.743040e1,1.820427e2,-4.458652e0
5.746375e1,1.818889e2,-4.896775e0
5.749710e1,1.817162e2,-7.991060e0
5.753045e1,1.813562e2,-3.005177e1
5.756380e1,1.797128e2,-4.473851e1
5.759715e1,1.783736e2,-3.254472e1
5.763050e1,1.775431e2,-2.654179e1
5.766385e1,1.766042e2,-2.837307e1
5.769720e1,1.756516e2,-2.642692e1
5.773055e1,1.748424e2,-2.562744e1
5.776391e1,1.739431e2,-2.746696e1
5.779726e1,1.730112e2,-2.376613e1
5.783061e1,1.723587e2,-1.666874e1
5.786396e1,1.719000e2,-1.156093e1
5.789731e1,1.715879e2,-1.763023e1
5.793066e1,1.707246e2,-3.390279e1
5.796401e1,1.693278e2,-4.206999e1
5.799736e1,1.679200e2,2.576563e1
5.803071e1,1.710455e2,1.148003e2
5.806406e1,1.755733e2,9.973921e1
5.809742e1,1.776947e2,4.530595e1
5.813077e1,1.785937e2,7.328428e1
5.816412e1,1.825804e2,1.079669e2
5.819747e1,1.857915e2,4.797882e1
5.823082e1,1.857790e2,-4.090478e0
5.826417e1,1.855188e2,6.112140e0
5.829752e1,1.861864e2,-1.336379e1
5.833087e1,1.846279e2,-1.062494e1
5.836422e1,1.854781e2,2.209381e1
5.839757e1,1.861008e2,8.675966e-1
5.843093e1,1.855359e2,-1.170179e1
5.846428e1,1.853207e2,-6.105833e-1
5.849763e1,1.854952e2,4.659129e0
5.853098e1,1.856313e2,-1.884148e1
5.856433e1,1.842391e2,-4.015548e1
5.859768e1,1.829543e2,-2.955312e1
5.863103e1,1.822689e2,-2.387716e1
5.866438e1,1.813625e2,-2.771200e1
5.869773e1,1.804215e2,-1.597315e1
5.873108e1,1.802976e2,-1.579413e1
5.876444e1,1.793685e2,-3.261420e1
5.879779e1,1.781233e2,-4.230601e1
5.883114e1,1.765481e2,-4.140303e1
5.886449e1,1.753631e2,-3.230675e1
5.889784e1,1.743943e2,-3.028621e1
5.893119e1,1.733440e2,-2.539449e1
5.896454e1,1.727014e2,-1.792371e1
5.899789e1,1.721491e2,8.275121e0
5.903124e1,1.732530e2,9.431083e1
5.906459e1,1.784365e2,1.201281e2
5.909795e1,1.812616e2,5.295701e1
5.913130e1,1.819670e2,4.468951e1
5.916465e1,1.842409e2,8.914113e1
5.919800e1,1.879097e2,8.601339e1
5.923135e1,1.899751e2,3.792337e1
5.926470e1,1.904379e2,1.390252e1
5.929805e1,1.909019e2,-2.596193e1
5.933140e1,1.887071e2,-3.143430e1
5.936475e1,1.888063e2,9.094060e0
5.939810e1,1.893134e2,1.039280e1
5.943145e1,1.894992e2,6.767861e0
5.946481e1,1.897646e2,-2.066971e0
5.949816e1,1.893614e2,-7.998101e0
5.953151e1,1.892314e2,-1.149950e1
5.956486e1,1.885947e2,-3.492333e1
5.959821e1,1.869032e2,-4.541089e1
5.963156e1,1.855674e2,-3.334101e1
5.966491e1,1.846804e2,-2.417778e1
5.969826e1,1.839555e2,-2.245362e1
5.973161e1,1.831835e2,-2.940903e1
5.976496e1,1.819949e2,-3.997423e1
5.979832e1,1.805186e2,-3.758960e1
5.983167e1,1.794889e2,0.000000e0
