t,x,vx
3.001614e-1,1.618684e0,0.000000e0
3.335127e-1,1.483539e0,-2.337578e1
3.668640e-1,6.029801e-2,-7.285899e1
4.002153e-1,-3.373727e0,-7.724720e1
4.335665e-1,-5.089515e0,-2.971122e1
4.669178e-1,-5.354475e0,-1.544104e1
5.002691e-1,-6.118918e0,-2.083312e1
5.336204e-1,-6.743350e0,-2.006388e1
5.669716e-1,-7.456509e0,-2.046137e1
6.003229e-1,-8.107441e0,-2.540725e1
6.336742e-1,-9.150326e0,-2.928471e1
6.670254e-1,-1.005976e1,-2.694167e1
7.003767e-1,-1.094644e1,-2.802062e1
7.337280e-1,-1.192780e1,-2.841944e1
7.670793e-1,-1.284107e1,-2.584690e1
8.004305e-1,-1.365092e1,4.442737e-1
8.337818e-1,-1.281145e1,8.335283e1
8.671331e-1,-8.094068e0,1.042230e2
9.004843e-1,-5.863246e0,4.237976e1
9.338356e-1,-5.268751e0,4.969035e1
9.671869e-1,-2.550557e0,1.060281e2
1.000538e0,1.799787e0,1.179546e2
1.033889e0,5.313084e0,6.488364e1
1.067241e0,6.125363e0,-1.581825e1
1.100592e0,4.258534e0,-5.290649e1
1.133943e0,2.598264e0,-2.049327e1
1.167295e0,2.892316e0,1.584099e1
1.200646e0,3.654330e0,2.468793e1
1.233997e0,4.538179e0,8.899233e0
1.267348e0,4.247612e0,-1.160882e1
1.300700e0,3.764257e0,-8.541102e0
1.334051e0,3.678205e0,-1.235067e1
1.367402e0,2.940879e0,-5.282215e1
1.400753e0,1.567286e-1,-7.342964e1
1.434105e0,-1.954430e0,-3.570650e1
1.467456e0,-2.223705e0,-1.619736e1
1.500807e0,-3.034254e0,-2.313434e1
1.534159e0,-3.765994e0,-2.199086e1
1.567510e0,-4.536963e0,-2.298233e1
1.600861e0,-5.336453e0,-2.805310e1
1.634212e0,-6.407169e0,-3.220613e1
1.667564e0,-7.483529e0,-3.052907e1
1.700915e0,-8.442440e0,-3.001670e1
1.734266e0,-9.484642e0,-2.888660e1
1.767617e0,-1.036821e1,-2.453891e1
1.800969e0,-1.112057e1,-1.641245e1
1.834320e0,-1.146238e1,5.787289e1
1.867671e0,-7.262377e0,1.143255e2
1.901023e0,-3.840679e0,6.621586e1
1.934374e0,-2.847986e0,3.764349e1
1.967725e0,-1.331113e0,7.168947e1
2.001076e0,1.931311e0,1.027848e2
2.034428e0,5.521209e0,8.190125e1
2.067779e0,7.391395e0,2.404314e1
2.101130e0,7.124085e0,-2.158923e1
2.134481e0,5.952113e0,-2.260171e1
2.167833e0,5.617305e0,-2.839133e0
2.201184e0,5.762837e0,1.107324e1
2.234535e0,6.355521e0,1.545285e1
2.267886e0,6.793027e0,6.894054e0
2.301238e0,6.815125e0,-4.306444e0
2.334589e0,6.505931e0,-1.496890e1
2.367940e0,5.817198e0,-3.806127e1
2.401292e0,3.968513e0,-7.811913e1
2.434643e0,6.092559e-1,-7.297094e1
2.467994e0,-8.962165e-1,-2.740909e1
2.501345e0,-1.218017e0,-1.898035e1
2.534697e0,-2.161573e0,-2.618957e1
2.568048e0,-2.963988e0,-2.176694e1
2.601399e0,-3.612702e0,-2.073672e1
2.634750e0,-4.346436e0,-2.532691e1
2.668102e0,-5.301163e0,-3.101627e1
2.701453e0,-6.414188e0,-3.576082e1
2.734804e0,-7.685217e0,-3.821469e1
2.768156e0,-8.961834e0,-3.505918e1
2.801507e0,-1.002250e1,-2.780594e1
2.834858e0,-1.081556e1,2.842735e1
2.868209e0,-8.127339e0,1.084359e2
2.901561e0,-3.586506e0,9.779484e1
2.934912e0,-1.607684e0,4.047008e1
2.968263e0,-8.885004e-1,4.704180e1
3.001614e0,1.528437e0,9.620945e1
3.034966e0,5.525463e0,9.928556e1
3.068317e0,8.147474e0,4.839184e1
3.101668e0,8.751586e0,-1.581593e1
3.135020e0,7.093079e0,-4.809206e1
3.168371e0,5.545449e0,-1.929566e1
3.201722e0,5.806702e0,1.576832e1
3.235073e0,6.596670e0,1.908203e1
3.268425e0,7.078837e0,7.884601e-1
3.301776e0,6.649234e0,-8.307691e0
3.335127e0,6.524991e0,-3.400207e0
3.368478e0,6.422554e0,-2.281459e1
3.401830e0,5.004018e0,-5.561629e1
3.435181e0,2.714801e0,-4.043400e1
3.468532e0,2.308418e0,-1.786314e1
3.501884e0,1.523925e0,-2.567451e1
3.535235e0,5.967845e-1,-3.067166e1
3.568586e0,-5.208525e-1,-3.412452e1
3.601937e0,-1.678184e0,-3.745269e1
3.635289e0,-3.017699e0,-3.759426e1
3.668640e0,-4.184468e0,-3.212148e1
3.701991e0,-5.159130e0,-2.888275e1
3.735342e0,-6.109985e0,-2.792948e1
3.768694e0,-7.021096e0,-2.690236e1
3.802045e0,-7.903476e0,-2.634938e1
3.835396e0,-8.777721e0,-5.063065e0
3.868748e0,-8.241013e0,7.730417e1
3.902099e0,-3.624109e0,1.154780e2
3.935450e0,-5.424793e-1,7.697144e1
3.968801e0,1.507320e0,4.892114e1
4.002153e0,2.718930e0,5.738926e1
4.035504e0,5.333270e0,8.194063e1
4.068855e0,8.181639e0,6.768732e1
4.102206e0,9.845758e0,2.799176e1
4.135558e0,1.004776e1,-3.815042e0
4.168909e0,9.591422e0,-1.088736e1
4.202260e0,9.321932e0,-8.657396e-1
4.235612e0,9.533706e0,9.443943e0
4.268963e0,9.951528e0,1.189684e1
4.302314e0,1.032683e1,4.819679e0
4.335665e0,1.027284e1,-6.015203e0
4.369017e0,9.925816e0,-1.994136e1
4.402368e0,8.943416e0,-4.804941e1
4.435719e0,6.722521e0,-8.465650e1
4.469070e0,3.299649e0,-6.136407e1
4.502422e0,2.631584e0,-1.889767e1
4.535773e0,2.039805e0,-2.394080e1
4.569124e0,1.035530e0,-2.598779e1
4.602476e0,3.072849e-1,-2.163786e1
4.635827e0,-4.430569e-1,-2.903826e1
4.669178e0,-1.676996e0,-3.710608e1
4.702529e0,-2.916796e0,-3.487096e1
4.735881e0,-4.001727e0,-3.222028e1
4.769232e0,-5.064815e0,-3.146815e1
4.802583e0,-6.099604e0,-2.911389e1
4.835934e0,-7.005741e0,-2.260498e1
4.869286e0,-7.606603e0,5.133552e1
4.902637e0,-3.583373e0,1.199741e2
4.935988e0,3.916681e-1,8.148894e1
4.969340e0,1.849223e0,4.043795e1
5.002691e0,3.087532e0,5.800639e1
5.036042e0,5.716315e0,9.025756e1
5.069393e0,9.104702e0,8.525765e1
5.102745e0,1.140016e1,4.223580e1
5.136096e0,1.192042e1,-5.268882e0
5.169447e0,1.104890e1,-1.933487e1
5.202798e0,1.063143e1,-9.292926e0
5.236150e0,1.042937e1,-9.203139e0
5.269501e0,1.001789e1,-2.289676e0
5.302852e0,1.027673e1,2.568283e0
5.336204e0,1.018911e1,-2.180290e0
5.369555e0,1.013137e1,-8.193459e0
5.402906e0,9.642877e0,-3.348476e1
5.436257e0,7.899056e0,-6.259437e1
5.469609e0,5.469919e0,-4.283677e1
5.502960e0,5.043271e0,-1.800953e1
5.536311e0,4.269283e0,-2.623112e1
5.569662e0,3.294530e0,-3.031674e1
5.603014e0,2.248168e0,-3.560126e1
5.636365e0,9.211126e-1,-3.893061e1
5.669716e0,-3.472062e-1,-3.721070e1
5.703068e0,-1.559601e0,-3.303101e1
5.736419e0,-2.549274e0,-3.056419e1
5.769770e0,-3.597213e0,-2.948459e1
5.803121e0,-4.514913e0,-2.657357e1
5.836473e0,-5.368785e0,-2.402599e1
5.869824e0,-6.116646e0,1.717346e1
5.903175e0,-4.223887e0,9.292096e1
5.936526e0,7.808471e-2,1.070894e2
5.969878e0,2.915409e0,6.394252e1
6.003229e0,4.340920e0,3.966972e1
6.036580e0,5.560057e0,6.269881e1
6.069932e0,8.520840e0,8.816622e1
6.103283e0,1.143781e1,6.755408e1
6.136634e0,1.302445e1,1.993760e1
6.169985e0,1.276698e1,-1.401971e1
6.203337e0,1.208980e1,-1.120479e1
6.236688e0,1.201999e1,3.800271e0
6.270039e0,1.234315e1,1.122811e1
6.303390e0,1.276853e1,1.171818e1
6.336742e0,1.312436e1,3.125924e0
6.370093e0,1.297693e1,-1.038513e1
6.403444e0,1.243202e1,-2.618652e1
6.436795e0,1.123116e1,-5.716124e1
6.470147e0,8.621270e0,-8.244877e1
6.503498e0,5.734575e0,-4.681782e1
6.536849e0,5.500083e0,-1.559276e1
6.570201e0,4.695057e0,-2.651468e1
6.603552e0,3.732438e0,-3.039804e1
6.636903e0,2.668521e0,-3.034909e1
6.670254e0,1.709165e0,-3.023156e1
6.703606e0,6.530840e-1,-3.191058e1
6.736957e0,-4.182072e-1,-3.199892e1
6.770308e0,-1.480177e0,-3.118856e1
6.803659e0,-2.497445e0,-3.130093e1
6.837011e0,-3.566905e0,-2.938919e1
6.870362e0,-4.456724e0,-1.236025e1
6.903713e0,-4.390922e0,7.082680e1
6.937065e0,2.650625e-1,1.194633e2
6.970416e0,3.573301e0,6.933623e1
7.003767e0,4.887478e0,4.305768e1
7.037118e0,6.443813e0,6.915948e1
7.070470e0,9.498110e0,9.485837e1
7.103821e0,1.276770e1,7.969603e1
7.137172e0,1.481118e1,2.430643e1
7.170523e0,1.438813e1,-3.211255e1
7.203875e0,1.267034e1,-3.647794e1
7.237226e0,1.195627e1,-4.123343e0
7.270577e0,1.239545e1,2.065141e1
7.303929e0,1.333303e1,1.900893e1
7.337280e0,1.366271e1,-3.127682e0
7.370631e0,1.312452e1,-1.345219e1
7.403982e0,1.276590e1,-1.270385e1
7.437334e0,1.227760e1,-3.688562e1
7.470685e0,1.030686e1,-5.818107e1
7.504036e0,8.398858e0,-3.447319e1
7.537387e0,8.008648e0,-1.867217e1
7.570739e0,7.154047e0,-2.707394e1
7.604090e0,6.203719e0,-2.869051e1
7.637441e0,5.241346e0,-3.377058e1
7.670793e0,3.952347e0,-3.952430e1
7.704144e0,2.606393e0,-3.661227e1
7.737495e0,1.450509e0,-3.254510e1
7.770846e0,3.824773e-1,-3.110456e1
7.804198e0,-6.231286e-1,-2.843393e1
7.837549e0,-1.513118e0,-2.594014e1
7.870900e0,-2.352471e0,-2.282172e1
7.904251e0,-3.034566e0,4.003252e1
7.937603e0,3.163636e-1,1.036347e2
7.970954e0,3.874416e0,9.975593e1
8.004305e0,6.966759e0,6.390911e1
8.037657e0,8.135023e0,3.958691e1
8.071008e0,9.605887e0,7.242097e1
8.104359e0,1.296309e1,8.760348e1
8.137710e0,1.544612e1,5.170171e1
8.171062e0,1.640987e1,1.000703e1
8.204413e0,1.611325e1,-1.827393e1
8.237764e0,1.519161e1,-2.363656e1
8.271115e0,1.453748e1,-2.084696e0
8.304467e0,1.505263e1,1.590070e1
8.337818e0,1.559753e1,1.257404e1
8.371169e0,1.589090e1,-8.316564e-1
8.404521e0,1.554209e1,-1.517881e1
8.437872e0,1.487898e1,-3.278396e1
8.471223e0,1.335649e1,-6.438044e1
8.504574e0,1.058695e1,-5.422067e1
8.537926e0,9.741778e0,-2.160707e1
8.571277e0,9.146475e0,-2.323621e1
8.604628e0,8.192697e0,-3.009560e1
8.637979e0,7.140102e0,-3.503655e1
8.671331e0,5.856927e0,-3.897882e1
8.704682e0,4.541514e0,-3.788470e1
8.738033e0,3.331280e0,-3.382123e1
8.771385e0,2.286765e0,-2.988512e1
8.804736e0,1.338938e0,-2.844653e1
8.838087e0,3.903295e-1,-2.752229e1
8.871438e0,-4.958811e-1,-2.575299e1
8.904790e0,-1.326537e0,6.530216e0
8.938141e0,-6.053338e-2,8.646763e1
8.971492e0,4.437972e0,1.107418e2
9.004843e0,7.322255e0,6.977565e1
9.038195e0,9.089681e0,4.359531e1
9.071546e0,1.022861e1,5.908666e1
9.104897e0,1.302879e1,8.822289e1
9.138249e0,1.611013e1,7.017281e1
9.171600e0,1.770698e1,1.897831e1
9.204951e0,1.737536e1,-2.244423e1
9.238302e0,1.621070e1,-2.422803e1
9.271654e0,1.576015e1,2.097285e0
9.305005e0,1.635052e1,1.773855e1
9.338356e0,1.694272e1,1.376734e1
9.371707e0,1.726834e1,7.494247e-1
9.405059e0,1.699268e1,-1.148711e1
9.438410e0,1.650253e1,-2.106138e1
9.471761e0,1.558859e1,-4.889527e1
9.505113e0,1.324285e1,-6.511269e1
9.538464e0,1.124775e1,-3.526568e1
9.571815e0,1.089180e1,-1.619879e1
9.605166e0,1.016783e1,-2.320816e1
9.638518e0,9.344591e0,-2.598757e1
9.671869e0,8.435323e0,-2.809817e1
9.705220e0,7.471380e0,-3.201943e1
9.738571e0,6.300694e0,-3.488377e1
9.771923e0,5.145795e0,-3.420552e1
9.805274e0,4.020326e0,-3.365236e1
9.838625e0,2.902305e0,-3.114332e1
9.871977e0,1.944105e0,-2.704219e1
9.905328e0,1.099492e0,-1.768266e1
9.938679e0,7.652604e-1,6.150837e1
9.972030e0,5.200050e0,1.188177e2
1.000538e1,8.686440e0,8.411022e1
1.003873e1,1.080740e1,4.970971e1
1.007208e1,1.200042e1,5.840928e1
1.010544e1,1.470135e1,9.044744e1
1.013879e1,1.803025e1,8.164842e1
1.017214e1,2.014458e1,2.882263e1
1.020549e1,1.995176e1,-2.252090e1
1.023884e1,1.864318e1,-3.060930e1
1.027219e1,1.791114e1,-1.153680e1
1.030554e1,1.787406e1,1.242661e1
1.033889e1,1.873958e1,2.246880e1
1.037225e1,1.937198e1,7.319269e0
1.040560e1,1.922753e1,-1.160170e1
1.043895e1,1.859854e1,-1.909420e1
1.047230e1,1.795458e1,-3.532129e1
1.050565e1,1.624379e1,-6.252662e1
1.053900e1,1.378614e1,-4.380098e1
1.057235e1,1.332372e1,-1.820663e1
1.060570e1,1.257237e1,-2.416963e1
1.063906e1,1.171241e1,-2.971619e1
1.067241e1,1.059129e1,-3.758604e1
1.070576e1,9.206675e0,-3.997890e1
1.073911e1,7.926028e0,-3.668777e1
1.077246e1,6.760824e0,-3.444159e1
1.080581e1,5.629922e0,-3.106231e1
1.083916e1,4.638233e0,-2.737084e1
1.087251e1,3.759581e0,-2.511762e1
1.090587e1,2.963725e0,-2.538253e1
1.093922e1,2.067413e0,2.740750e1
1.097257e1,4.790891e0,9.868279e1
1.100592e1,8.646265e0,1.048394e2
1.103927e1,1.178019e1,6.769087e1
1.107262e1,1.315899e1,4.152433e1
1.110597e1,1.454847e1,6.837924e1
1.113932e1,1.771761e1,8.573987e1
1.117268e1,2.026447e1,5.374965e1
1.120603e1,2.130092e1,5.150973e0
1.123938e1,2.060786e1,-2.594405e1
1.127273e1,1.957131e1,-2.325321e1
1.130608e1,1.905765e1,5.780415e-1
1.133943e1,1.960985e1,1.936372e1
1.137278e1,2.034856e1,1.395357e1
1.140614e1,2.054009e1,-4.352445e0
1.143949e1,2.005840e1,-1.586769e1
1.147284e1,1.948224e1,-2.586760e1
1.150619e1,1.833389e1,-5.419158e1
1.153954e1,1.586947e1,-5.110897e1
1.157289e1,1.492663e1,-2.249138e1
1.160624e1,1.437004e1,-2.303541e1
1.163959e1,1.339094e1,-3.164848e1
1.167295e1,1.226014e1,-3.523475e1
1.170630e1,1.104195e1,-3.818670e1
1.173965e1,9.714364e0,-3.755747e1
1.177300e1,8.538121e0,-3.424329e1
1.180635e1,7.431478e0,-3.143852e1
1.183970e1,6.442220e0,-2.834341e1
1.187305e1,5.541918e0,-2.634811e1
1.190640e1,4.685680e0,-2.446161e1
1.193976e1,3.911144e0,-1.032702e0
1.197311e1,4.616833e0,7.930264e1
1.200646e1,9.197986e0,1.117753e2
1.203981e1,1.206852e1,7.700307e1
1.207316e1,1.433152e1,5.061804e1
1.210651e1,1.544305e1,5.507820e1
1.213986e1,1.800340e1,8.326798e1
1.217321e1,2.099425e1,6.785273e1
1.220657e1,2.252692e1,2.411187e1
1.223992e1,2.260171e1,-5.188076e0
1.227327e1,2.218105e1,-2.134068e1
1.230662e1,2.117900e1,-1.389585e1
1.233997e1,2.125466e1,8.781561e0
1.237332e1,2.176444e1,1.488825e1
1.240667e1,2.224721e1,6.520375e0
1.244002e1,2.219913e1,-8.329590e0
1.247338e1,2.169190e1,-2.301814e1
1.250673e1,2.066458e1,-4.755846e1
1.254008e1,1.852134e1,-6.355200e1
1.257343e1,1.642778e1,-3.778705e1
1.260678e1,1.600220e1,-1.758892e1
1.264013e1,1.525519e1,-2.787204e1
1.267348e1,1.414406e1,-3.378920e1
1.270683e1,1.300258e1,-3.135747e1
1.274019e1,1.205357e1,-3.173312e1
1.277354e1,1.088703e1,-3.347613e1
1.280689e1,9.821824e0,-3.228148e1
1.284024e1,8.734935e0,-3.120079e1
1.287359e1,7.741772e0,-2.985973e1
1.290694e1,6.744286e0,-2.833438e1
1.294029e1,5.852813e0,-2.235735e1
1.297364e1,5.253796e0,5.309558e1
1.300700e1,9.392519e0,1.120207e2
1.304035e1,1.272184e1,9.109654e1
1.307370e1,1.546562e1,5.443802e1
1.310705e1,1.635104e1,4.325627e1
1.314040e1,1.834937e1,7.755698e1
1.317375e1,2.152151e1,8.352539e1
1.320710e1,2.391773e1,4.509131e1
1.324045e1,2.452760e1,-8.221012e-2
1.327381e1,2.391225e1,-2.365617e1
1.330716e1,2.295052e1,-2.092827e1
1.334051e1,2.251703e1,2.137164e0
1.337386e1,2.309299e1,1.787272e1
1.340721e1,2.370855e1,1.223853e1
1.344056e1,2.390890e1,-3.035317e0
1.347391e1,2.350619e1,-1.875156e1
1.350727e1,2.265879e1,-3.759686e1
1.354062e1,2.099974e1,-6.146081e1
1.357397e1,1.856141e1,-4.408561e1
1.360732e1,1.806070e1,-1.666306e1
1.364067e1,1.745053e1,-2.264244e1
1.367402e1,1.655120e1,-3.164045e1
1.370737e1,1.534117e1,-3.812957e1
1.374072e1,1.400923e1,-3.846340e1
1.377408e1,1.277694e1,-3.556426e1
1.380743e1,1.163828e1,-3.388840e1
1.384078e1,1.051772e1,-2.938154e1
1.387413e1,9.679509e0,-2.559520e1
1.390748e1,8.811371e0,-2.487868e1
1.394083e1,7.979466e0,-2.445984e1
1.397418e1,7.139949e0,1.649503e1
1.400753e1,9.079135e0,9.060226e1
1.404089e1,1.318010e1,1.080631e2
1.407424e1,1.628334e1,7.122407e1
1.410759e1,1.792837e1,4.083537e1
1.414094e1,1.900570e1,6.264157e1
1.417429e1,2.210448e1,8.569599e1
1.420764e1,2.471876e1,5.964691e1
1.424099e1,2.608094e1,2.002488e1
1.427434e1,2.605376e1,-9.798107e0
1.430770e1,2.542773e1,-1.723305e1
1.434105e1,2.490489e1,-6.821439e0
1.437440e1,2.497297e1,6.522285e0
1.440775e1,2.533970e1,1.424553e1
1.444110e1,2.592267e1,1.237120e1
1.447445e1,2.616445e1,-4.810419e0
1.450780e1,2.560197e1,-3.208304e1
1.454115e1,2.402558e1,-6.454691e1
1.457451e1,2.129885e1,-7.347521e1
1.460786e1,1.912723e1,-3.730388e1
1.464121e1,1.881192e1,-1.917264e1
1.467456e1,1.784906e1,-2.847338e1
1.470791e1,1.691370e1,-2.631850e1
1.474126e1,1.609449e1,-2.733789e1
1.477461e1,1.509117e1,-3.162875e1
1.480796e1,1.398591e1,-3.218768e1
1.484132e1,1.294533e1,-3.133438e1
1.487467e1,1.189695e1,-3.153927e1
1.490802e1,1.084271e1,-2.961334e1
1.494137e1,9.922727e0,-2.956979e1
1.497472e1,8.871389e0,-1.523806e1
1.500807e1,8.906857e0,7.413937e1
1.504142e1,1.381401e1,1.263872e2
1.507477e1,1.733267e1,7.491214e1
1.510813e1,1.880816e1,4.112891e1
1.514148e1,2.007460e1,5.807172e1
1.517483e1,2.267960e1,8.136738e1
1.520818e1,2.549909e1,7.002216e1
1.524153e1,2.734775e1,2.832015e1
1.527488e1,2.738710e1,-1.876946e1
1.530823e1,2.609645e1,-2.765262e1
1.534159e1,2.554359e1,-1.317310e1
1.537494e1,2.521824e1,5.031530e0
1.540829e1,2.587903e1,1.943490e1
1.544164e1,2.651391e1,9.031058e0
1.547499e1,2.648110e1,-8.655782e0
1.550834e1,2.593685e1,-2.264305e1
1.554169e1,2.497156e1,-4.185228e1
1.557504e1,2.314670e1,-5.408407e1
1.560840e1,2.136596e1,-3.453888e1
1.564175e1,2.084411e1,-2.079531e1
1.567510e1,1.997960e1,-2.742679e1
1.570845e1,1.901566e1,-2.901506e1
1.574180e1,1.804527e1,-3.196664e1
1.577515e1,1.688455e1,-3.613157e1
1.580850e1,1.563650e1,-3.479522e1
1.584185e1,1.456487e1,-3.218358e1
1.587521e1,1.349092e1,-3.028615e1
1.590856e1,1.254579e1,-2.663185e1
1.594191e1,1.171547e1,-2.607313e1
1.597526e1,1.080758e1,-2.618933e1
1.600861e1,9.969512e0,4.248694e1
1.604196e1,1.364004e1,1.078255e2
1.607531e1,1.715788e1,9.888997e1
1.610866e1,2.023271e1,6.235466e1
1.614202e1,2.131485e1,4.057700e1
1.617537e1,2.293784e1,6.825296e1
1.620872e1,2.586505e1,7.689078e1
1.624207e1,2.806389e1,4.556549e1
1.627542e1,2.890275e1,1.237250e1
1.630877e1,2.888873e1,-1.260431e1
1.634212e1,2.806246e1,-1.733806e1
1.637547e1,2.773286e1,-2.061927e0
1.640883e1,2.792500e1,9.491058e0
1.644218e1,2.836559e1,1.334792e1
1.647553e1,2.881486e1,7.011291e0
1.650888e1,2.883301e1,-1.208968e1
1.654223e1,2.800888e1,-3.815204e1
1.657558e1,2.628954e1,-6.603787e1
1.660893e1,2.360636e1,-5.803406e1
1.664228e1,2.242061e1,-2.383054e1
1.667564e1,2.201766e1,-1.787808e1
1.670899e1,2.122873e1,-2.575108e1
1.674234e1,2.030092e1,-3.498819e1
1.677569e1,1.889619e1,-4.226220e1
1.680904e1,1.748344e1,-3.967852e1
1.684239e1,1.625095e1,-3.531829e1
1.687574e1,1.512888e1,-2.958006e1
1.690909e1,1.427895e1,-2.516575e1
1.694245e1,1.345117e1,-2.592069e1
1.697580e1,1.255090e1,-2.684482e1
1.700915e1,1.166151e1,9.963109e0
1.704250e1,1.323172e1,8.836911e1
1.707585e1,1.770007e1,1.135496e2
1.710920e1,2.080169e1,6.814188e1
1.714255e1,2.224286e1,4.033273e1
1.717591e1,2.349054e1,6.438868e1
1.720926e1,2.653544e1,8.442803e1
1.724261e1,2.911908e1,5.672556e1
1.727596e1,3.031714e1,1.300678e1
1.730931e1,2.998619e1,-1.904009e1
1.734266e1,2.904780e1,-2.434426e1
1.737601e1,2.836324e1,-7.379097e0
1.740936e1,2.855586e1,1.299074e1
1.744272e1,2.922929e1,1.778320e1
1.747607e1,2.974141e1,5.390141e0
1.750942e1,2.958863e1,-1.196924e1
1.754277e1,2.894346e1,-2.555809e1
1.757612e1,2.788476e1,-4.998829e1
1.760947e1,2.561091e1,-5.355658e1
1.764282e1,2.431432e1,-2.729598e1
1.767617e1,2.379118e1,-2.036304e1
1.770953e1,2.295679e1,-2.787760e1
1.774288e1,2.193267e1,-2.875784e1
1.777623e1,2.103960e1,-3.076011e1
1.780958e1,1.988200e1,-3.479034e1
1.784293e1,1.872024e1,-3.471152e1
1.787628e1,1.756790e1,-3.431393e1
1.790963e1,1.643265e1,-3.237949e1
1.794298e1,1.540926e1,-3.100933e1
1.797634e1,1.436536e1,-3.092571e1
1.800969e1,1.334755e1,-1.899940e1
1.804304e1,1.309873e1,6.894943e1
1.807639e1,1.794418e1,1.216327e2
1.810974e1,2.120757e1,8.501259e1
1.814309e1,2.361168e1,5.083444e1
1.817644e1,2.459654e1,4.260771e1
1.820979e1,2.645220e1,6.934292e1
1.824315e1,2.921940e1,7.236539e1
1.827650e1,3.127656e1,4.055319e1
1.830985e1,3.192295e1,1.315746e1
1.834320e1,3.215372e1,-9.678448e-1
1.837655e1,3.185842e1,-9.500636e0
1.840990e1,3.152035e1,-5.559040e0
1.844325e1,3.148782e1,4.078302e0
1.847660e1,3.179223e1,9.455769e0
1.850996e1,3.211820e1,4.267913e0
1.854331e1,3.207676e1,-1.181430e1
1.857666e1,3.133058e1,-4.184537e1
1.861001e1,2.928707e1,-7.816666e1
1.864336e1,2.611947e1,-7.428043e1
1.867671e1,2.433504e1,-3.062490e1
1.871006e1,2.407781e1,-1.862855e1
1.874341e1,2.309314e1,-2.889805e1
1.877677e1,2.215128e1,-2.699633e1
1.881012e1,2.129338e1,-2.496039e1
1.884347e1,2.048725e1,-2.185992e1
1.887682e1,1.983605e1,-1.923589e1
1.891017e1,1.920486e1,-2.855171e1
1.894352e1,1.793261e1,-4.127316e1
1.897687e1,1.645331e1,-4.569117e1
1.901023e1,1.488653e1,-4.344910e1
1.904358e1,1.355671e1,2.724111e1
1.907693e1,1.670260e1,1.174589e2
1.911028e1,2.138730e1,1.093870e2
1.914363e1,2.399507e1,5.236080e1
1.917698e1,2.487802e1,4.699840e1
1.921033e1,2.712829e1,8.406624e1
1.924368e1,3.048243e1,8.571746e1
1.927704e1,3.284279e1,4.482600e1
1.931039e1,3.347083e1,-7.761520e0
1.934374e1,3.232536e1,-3.554222e1
1.937709e1,3.110135e1,-2.212574e1
1.941044e1,3.085031e1,6.192724e0
1.944379e1,3.151420e1,2.011012e1
1.947714e1,3.219098e1,1.403197e1
1.951049e1,3.244967e1,-3.252435e0
1.954385e1,3.197415e1,-1.716637e1
1.957720e1,3.130524e1,-2.724720e1
1.961055e1,3.015767e1,-5.176793e1
1.964390e1,2.785405e1,-4.728776e1
1.967725e1,2.700516e1,-2.096893e1
1.971060e1,2.645612e1,-2.109438e1
1.974395e1,2.559886e1,-3.005370e1
1.977730e1,2.445254e1,-3.857561e1
1.981066e1,2.302716e1,-4.082482e1
1.984401e1,2.173088e1,-3.737760e1
1.987736e1,2.053532e1,-3.341069e1
1.991071e1,1.950350e1,-2.906920e1
1.994406e1,1.859737e1,-2.559829e1
1.997741e1,1.779695e1,-2.463711e1
2.001076e1,1.695490e1,-2.836641e1
2.004411e1,1.590586e1,-5.158591e0
2.007747e1,1.661099e1,8.107420e1
2.011082e1,2.131080e1,1.122383e2
2.014417e1,2.428061e1,7.530451e1
2.017752e1,2.645661e1,4.599316e1
2.021087e1,2.734682e1,5.123250e1
2.024422e1,2.987211e1,7.978206e1
2.027757e1,3.266562e1,6.474680e1
2.031092e1,3.418857e1,2.588831e1
2.034428e1,3.439151e1,-3.230807e0
2.037763e1,3.397318e1,-2.030760e1
2.041098e1,3.303767e1,-1.595726e1
2.044433e1,3.290936e1,3.901001e0
2.047768e1,3.329774e1,1.360108e1
2.051103e1,3.381610e1,1.074037e1
2.054438e1,3.401376e1,-3.884959e0
2.057773e1,3.355710e1,-2.487704e1
2.061109e1,3.235529e1,-5.195234e1
2.064444e1,3.009361e1,-5.830728e1
2.067779e1,2.846814e1,-3.073096e1
2.071114e1,2.804488e1,-1.955614e1
2.074449e1,2.716440e1,-2.877935e1
2.077784e1,2.612626e1,-3.342477e1
2.081119e1,2.493608e1,-3.455459e1
2.084455e1,2.382262e1,-3.395635e1
2.087790e1,2.267232e1,-3.369859e1
2.091125e1,2.157605e1,-3.224583e1
2.094460e1,2.052260e1,-2.999832e1
2.097795e1,1.957616e1,-2.816719e1
2.101130e1,1.864479e1,-2.827462e1
2.104465e1,1.769119e1,-2.277226e1
2.107800e1,1.712664e1,5.787948e1
2.111136e1,2.154982e1,1.174311e2
2.114471e1,2.495538e1,9.096764e1
2.117806e1,2.761433e1,5.478403e1
2.121141e1,2.860764e1,3.991090e1
2.124476e1,3.027505e1,6.670404e1
2.127811e1,3.305458e1,7.177001e1
2.131146e1,3.505972e1,3.764060e1
2.134481e1,3.556395e1,5.926470e0
2.137817e1,3.545482e1,-9.200804e0
2.141152e1,3.495057e1,-1.477522e1
2.144487e1,3.446980e1,-4.508576e0
2.147822e1,3.465000e1,8.993435e0
2.151157e1,3.506937e1,1.106393e1
2.154492e1,3.538759e1,3.963402e0
2.157827e1,3.533359e1,-1.389580e1
2.161162e1,3.446120e1,-4.126140e1
2.164498e1,3.258283e1,-6.777937e1
2.167833e1,2.994258e1,-5.010143e1
2.171168e1,2.924274e1,-1.797720e1
2.174503e1,2.874410e1,-2.135609e1
2.177838e1,2.781900e1,-3.268133e1
2.181173e1,2.656534e1,-3.855648e1
2.184508e1,2.524857e1,-3.547530e1
2.187843e1,2.420032e1,-3.128448e1
2.191179e1,2.316293e1,-3.152989e1
2.194514e1,2.209833e1,-2.961621e1
2.197849e1,2.118852e1,-2.841226e1
2.201184e1,2.020418e1,-3.035753e1
2.204519e1,1.916468e1,-3.188320e1
2.207854e1,1.807863e1,2.183473e1
2.211189e1,2.062033e1,1.027896e2
2.214524e1,2.493128e1,1.149736e2
2.217860e1,2.828524e1,6.451834e1
2.221195e1,2.923250e1,3.556707e1
2.224530e1,3.065638e1,6.636990e1
2.227865e1,3.365716e1,8.128993e1
2.231200e1,3.607571e1,5.262329e1
2.234535e1,3.716538e1,1.906248e1
2.237870e1,3.734654e1,-1.003355e0
2.241205e1,3.709849e1,-9.431867e0
2.244541e1,3.671775e1,-7.821039e0
2.247876e1,3.657709e1,-1.751802e-1
2.251211e1,3.670607e1,7.965291e0
2.254546e1,3.710811e1,1.041443e1
2.257881e1,3.740036e1,-2.342739e-1
2.261216e1,3.709249e1,-2.589248e1
2.264551e1,3.567420e1,-6.102716e1
2.267886e1,3.302401e1,-8.171390e1
2.271222e1,3.022661e1,-4.936607e1
2.274557e1,2.973294e1,-1.679860e1
2.277892e1,2.910670e1,-2.544331e1
2.281227e1,2.803672e1,-2.867523e1
2.284562e1,2.719502e1,-1.972006e1
2.287897e1,2.672205e1,-1.413826e1
2.291232e1,2.625247e1,-1.539448e1
2.294568e1,2.569575e1,-2.051010e1
2.297903e1,2.488513e1,-3.168344e1
2.301238e1,2.358352e1,-4.210086e1
2.304573e1,2.207840e1,-4.431796e1
2.307908e1,2.062899e1,-2.009017e1
2.311243e1,2.073906e1,7.198939e1
2.314578e1,2.542828e1,1.229728e2
2.317913e1,2.893724e1,6.572769e1
2.321249e1,2.991967e1,3.925706e1
2.324584e1,3.161981e1,7.598570e1
2.327919e1,3.498539e1,9.136122e1
2.331254e1,3.771056e1,5.990990e1
2.334589e1,3.897938e1,1.447840e1
2.337924e1,3.867579e1,-1.821891e1
2.341259e1,3.776479e1,-1.886187e1
2.344594e1,3.741833e1,-1.189511e1
2.347930e1,3.697178e1,1.465910e0
2.351265e1,3.751605e1,1.740728e1
2.354600e1,3.813226e1,1.457941e1
2.357935e1,3.848802e1,-1.899698e0
2.361270e1,3.800562e1,-2.632333e1
2.364605e1,3.673313e1,-5.101648e1
2.367940e1,3.460452e1,-5.866298e1
2.371275e1,3.282226e1,-3.397588e1
2.374611e1,3.233946e1,-1.897267e1
2.377946e1,3.155742e1,-2.523135e1
2.381281e1,3.065737e1,-2.729011e1
2.384616e1,2.973808e1,-3.007409e1
2.387951e1,2.865243e1,-3.272478e1
2.391286e1,2.755642e1,-3.042628e1
2.394621e1,2.662401e1,-2.762710e1
2.397956e1,2.571462e1,-2.790077e1
2.401292e1,2.476396e1,-2.796317e1
2.404627e1,2.385041e1,-2.828790e1
2.407962e1,2.287810e1,-2.429195e1
2.411297e1,2.223094e1,4.488701e1
2.414632e1,2.587057e1,1.025766e2
2.417967e1,2.906938e1,8.389294e1
2.421302e1,3.146343e1,5.023697e1
2.424637e1,3.241851e1,4.093383e1
2.427973e1,3.419235e1,7.050400e1
2.431308e1,3.711878e1,7.608194e1
2.434643e1,3.926448e1,4.226535e1
2.437978e1,3.993647e1,5.298525e0
2.441313e1,3.961772e1,-1.393432e1
2.444648e1,3.900752e1,-1.678765e1
2.447983e1,3.849854e1,-6.567701e0
2.451318e1,3.856967e1,8.572390e0
2.454654e1,3.907003e1,1.299244e1
2.457989e1,3.943583e1,7.732019e0
2.461324e1,3.958550e1,-6.272887e0
2.464659e1,3.901764e1,-3.603873e1
2.467994e1,3.718292e1,-6.850221e1
2.471329e1,3.445083e1,-5.759561e1
2.474664e1,3.334321e1,-2.367091e1
2.478000e1,3.287277e1,-2.175955e1
2.481335e1,3.189257e1,-3.003464e1
2.484670e1,3.087046e1,-3.211531e1
2.488005e1,2.975155e1,-3.227624e1
2.491340e1,2.871871e1,-3.036046e1
2.494675e1,2.772752e1,-2.970555e1
2.498010e1,2.673834e1,-2.893346e1
2.501345e1,2.579863e1,-2.720316e1
2.504681e1,2.492479e1,-2.786725e1
2.508016e1,2.394081e1,-2.918803e1
2.511351e1,2.297892e1,1.299102e1
2.514686e1,2.480688e1,9.371363e1
2.518021e1,2.922650e1,1.085568e2
2.521356e1,3.204400e1,5.445411e1
2.524691e1,3.285677e1,3.259856e1
2.528026e1,3.421723e1,6.651739e1
2.531362e1,3.729127e1,8.999394e1
2.534697e1,4.021683e1,6.097635e1
2.538032e1,4.135636e1,9.309757e0
2.541367e1,4.083748e1,-2.384239e1
2.544702e1,3.976686e1,-2.765212e1
2.548037e1,3.899400e1,-1.057654e1
2.551372e1,3.906176e1,1.644481e1
2.554707e1,4.009032e1,1.974014e1
2.558043e1,4.037777e1,-2.731711e-1
2.561378e1,4.007211e1,-1.474649e1
2.564713e1,3.939467e1,-2.527662e1
2.568048e1,3.838701e1,-4.609124e1
2.571383e1,3.632192e1,-4.513923e1
2.574718e1,3.537772e1,-2.154218e1
2.578053e1,3.488578e1,-2.015172e1
2.581388e1,3.403427e1,-2.877351e1
2.584724e1,3.296754e1,-3.574225e1
2.588059e1,3.165146e1,-3.879109e1
2.591394e1,3.038147e1,-3.713633e1
2.594729e1,2.917570e1,-3.285995e1
2.598064e1,2.819081e1,-2.814546e1
2.601399e1,2.729934e1,-2.483751e1
2.604734e1,2.653497e1,-2.282775e1
2.608069e1,2.577749e1,-2.308456e1
2.611405e1,2.499600e1,-1.110353e1
2.614740e1,2.503725e1,6.570513e1
2.618075e1,2.937634e1,1.014455e2
2.621410e1,3.180029e1,7.574636e1
2.624745e1,3.442610e1,5.212586e1
2.628080e1,3.527534e1,3.841447e1
2.631415e1,3.705109e1,6.949067e1
2.634750e1,4.002387e1,7.038665e1
2.638086e1,4.174353e1,3.176865e1
2.641421e1,4.214178e1,2.575413e0
2.644756e1,4.191523e1,-1.940636e1
2.648091e1,4.084803e1,-1.476756e1
2.651426e1,4.093072e1,6.790208e0
2.654761e1,4.130071e1,1.227359e1
2.658096e1,4.174896e1,7.022279e0
2.661432e1,4.176886e1,-4.590439e0
2.664767e1,4.144293e1,-1.861173e1
2.668102e1,4.052808e1,-4.285022e1
2.671437e1,3.858625e1,-6.298434e1
2.674772e1,3.632912e1,-3.997480e1
2.678107e1,3.592127e1,-1.695543e1
2.681442e1,3.519876e1,-2.408176e1
2.684777e1,3.431581e1,-2.969076e1
2.688113e1,3.321938e1,-3.467187e1
2.691448e1,3.200436e1,-3.499648e1
2.694783e1,3.088628e1,-3.039511e1
2.698118e1,2.997802e1,-2.803380e1
2.701453e1,2.901736e1,-2.697847e1
2.704788e1,2.817945e1,-2.485225e1
2.708123e1,2.736054e1,-2.452284e1
2.711458e1,2.654460e1,-2.373553e1
2.714794e1,2.577817e1,3.565499e1
2.718129e1,2.892160e1,9.496150e1
2.721464e1,3.210894e1,8.651961e1
2.724799e1,3.468957e1,5.335014e1
2.728134e1,3.566561e1,3.715200e1
2.731469e1,3.716637e1,6.856452e1
2.734804e1,4.023658e1,8.237489e1
2.738139e1,4.265803e1,4.593163e1
2.741475e1,4.329869e1,1.839399e0
2.744810e1,4.278066e1,-1.684345e1
2.748145e1,4.217579e1,-2.052764e1
2.751480e1,4.141215e1,-6.672743e0
2.754815e1,4.173094e1,1.472260e1
2.758150e1,4.239365e1,1.310380e1
2.761485e1,4.260453e1,-6.842534e-1
2.764820e1,4.234804e1,-1.448869e1
2.768156e1,4.163862e1,-3.244161e1
2.771491e1,4.018526e1,-5.677115e1
2.774826e1,3.785387e1,-4.436788e1
2.778161e1,3.722740e1,-1.865450e1
2.781496e1,3.661024e1,-2.160210e1
2.784831e1,3.578726e1,-2.874795e1
2.788166e1,3.469371e1,-3.643343e1
2.791501e1,3.335837e1,-3.644639e1
2.794837e1,3.226395e1,-3.268208e1
2.798172e1,3.117956e1,-2.977312e1
2.801507e1,3.027908e1,-2.581305e1
2.804842e1,2.945869e1,-2.401614e1
2.808177e1,2.867800e1,-2.264183e1
2.811512e1,2.794924e1,-2.110177e1
2.814847e1,2.727122e1,7.084299e0
2.818182e1,2.842152e1,7.803175e1
2.821518e1,3.247333e1,9.710240e1
2.824853e1,3.489502e1,6.114542e1
2.828188e1,3.654969e1,3.998818e1
2.831523e1,3.756090e1,5.238725e1
2.834858e1,4.004218e1,8.114282e1
2.838193e1,4.297042e1,6.643417e1
2.841528e1,4.447112e1,2.362323e1
2.844864e1,4.454530e1,-7.099912e0
2.848199e1,4.399779e1,-1.361630e1
2.851534e1,4.363754e1,-3.841688e0
2.854869e1,4.374168e1,7.532172e0
2.858204e1,4.413969e1,1.297339e1
2.861539e1,4.460657e1,8.343839e0
2.864874e1,4.469595e1,-4.231092e0
2.868209e1,4.432450e1,-2.429564e1
2.871545e1,4.307624e1,-5.360267e1
2.874880e1,4.075099e1,-7.632527e1
2.878215e1,3.798789e1,-4.911665e1
2.881550e1,3.747655e1,-1.636701e1
2.884885e1,3.689675e1,-2.142534e1
2.888220e1,3.604819e1,-2.580140e1
2.891555e1,3.517666e1,-2.665516e1
2.894890e1,3.427118e1,-2.989557e1
2.898226e1,3.318362e1,-3.055356e1
2.901561e1,3.223428e1,-2.795469e1
2.904896e1,3.131997e1,-2.646724e1
2.908231e1,3.046979e1,-2.491942e1
2.911566e1,2.965868e1,-2.333444e1
2.914901e1,2.891416e1,-1.546392e1
2.918236e1,2.862775e1,5.659863e1
2.921571e1,3.268741e1,1.034952e2
2.924907e1,3.552743e1,6.311281e1
2.928242e1,3.689493e1,3.994986e1
2.931577e1,3.819075e1,5.470867e1
2.934912e1,4.054217e1,8.066929e1
2.938247e1,4.356871e1,7.484654e1
2.941582e1,4.565668e1,3.178209e1
2.944917e1,4.574048e1,-1.275717e1
2.948252e1,4.480621e1,-2.316749e1
2.951588e1,4.419598e1,-1.866831e1
2.954923e1,4.356165e1,-9.497810e-1
2.958258e1,4.413266e1,1.855991e1
2.961593e1,4.479898e1,1.146991e1
2.964928e1,4.489732e1,-5.583583e0
2.968263e1,4.442674e1,-2.078633e1
2.971598e1,4.351157e1,-3.978134e1
2.974933e1,4.177465e1,-5.459378e1
2.978269e1,3.987198e1,-3.405792e1
2.981604e1,3.950412e1,-1.566490e1
2.984939e1,3.882766e1,-2.357410e1
2.988274e1,3.793252e1,-3.047492e1
2.991609e1,3.679600e1,-3.814155e1
2.994944e1,3.538975e1,-3.686530e1
2.998279e1,3.433831e1,-3.116813e1
3.001614e1,3.331187e1,-2.860810e1
3.004950e1,3.243110e1,-2.429762e1
3.008285e1,3.169203e1,-2.391019e1
3.011620e1,3.083709e1,-2.602554e1
3.014955e1,2.995699e1,-2.484913e1
3.018290e1,2.918048e1,2.724778e1
3.021625e1,3.177351e1,8.805255e1
3.024960e1,3.505065e1,8.535329e1
3.028295e1,3.746373e1,6.228733e1
3.031631e1,3.920314e1,3.844229e1
3.034966e1,4.002655e1,5.565605e1
3.038301e1,4.291354e1,8.026405e1
3.041636e1,4.537749e1,5.183976e1
3.044971e1,4.636953e1,1.552447e1
3.048306e1,4.641245e1,-1.034649e1
3.051641e1,4.567976e1,-1.792925e1
3.054977e1,4.521717e1,-4.731252e0
3.058312e1,4.536434e1,7.787844e0
3.061647e1,4.573636e1,1.134151e1
3.064982e1,4.612045e1,5.388339e0
3.068317e1,4.609558e1,-9.614903e0
3.071652e1,4.547945e1,-3.281998e1
3.074987e1,4.390758e1,-6.000570e1
3.078322e1,4.147907e1,-6.118541e1
3.081658e1,3.982856e1,-2.861944e1
3.084993e1,3.957111e1,-1.587814e1
3.088328e1,3.877001e1,-2.426463e1
3.091663e1,3.795347e1,-2.960673e1
3.094998e1,3.679623e1,-3.495740e1
3.098333e1,3.562297e1,-3.163680e1
3.101668e1,3.468711e1,-2.928716e1
3.105003e1,3.367050e1,-2.852595e1
3.108339e1,3.278538e1,-2.559212e1
3.111674e1,3.196436e1,-2.410959e1
3.115009e1,3.117808e1,-2.381129e1
3.118344e1,3.037694e1,-3.161779e0
3.121679e1,3.096729e1,7.309478e1
3.125014e1,3.524992e1,1.029668e2
3.128349e1,3.783174e1,5.911263e1
3.131684e1,3.919076e1,3.666065e1
3.135020e1,4.027579e1,5.554382e1
3.138355e1,4.289368e1,8.301265e1
3.141690e1,4.580996e1,7.091939e1
3.145025e1,4.762164e1,2.539930e1
3.148360e1,4.750325e1,-1.415361e1
3.151695e1,4.667807e1,-2.369363e1
3.155030e1,4.592367e1,-1.250274e1
3.158365e1,4.584455e1,9.629077e0
3.161701e1,4.656561e1,1.833193e1
3.165036e1,4.706668e1,8.346646e0
3.168371e1,4.712205e1,-7.492177e0
3.171706e1,4.656720e1,-2.631947e1
3.175041e1,4.536742e1,-4.870580e1
3.178376e1,4.332015e1,-5.825239e1
3.181711e1,4.148393e1,-3.460711e1
3.185046e1,4.101301e1,-1.864846e1
3.188382e1,4.024070e1,-2.580719e1
3.191717e1,3.929253e1,-3.032441e1
3.195052e1,3.821907e1,-3.300343e1
3.198387e1,3.709230e1,-3.374761e1
3.201722e1,3.596923e1,-3.241401e1
3.205057e1,3.493137e1,-2.976713e1
3.208392e1,3.398476e1,-2.611808e1
3.211727e1,3.319016e1,-2.308665e1
3.215063e1,3.244565e1,-2.162317e1
3.218398e1,3.174862e1,-1.664293e1
3.221733e1,3.133612e1,4.944623e1
3.225068e1,3.504503e1,9.446333e1
3.228403e1,3.763367e1,7.509729e1
3.231738e1,4.005152e1,5.035506e1
3.235073e1,4.099068e1,3.667361e1
3.238409e1,4.249643e1,6.858304e1
3.241744e1,4.556288e1,7.927204e1
3.245079e1,4.778123e1,4.108828e1
3.248414e1,4.830210e1,3.063907e-1
3.251749e1,4.780217e1,-1.638613e1
3.255084e1,4.718238e1,-1.360033e1
3.258419e1,4.689548e1,-4.926532e-1
3.261754e1,4.714954e1,1.108556e1
3.265090e1,4.763451e1,1.335553e1
3.268425e1,4.803990e1,5.745507e0
3.271760e1,4.801755e1,-1.323629e1
3.275095e1,4.715748e1,-4.017595e1
3.278430e1,4.533915e1,-6.542054e1
3.281765e1,4.279611e1,-5.277277e1
3.285100e1,4.182097e1,-2.138814e1
3.288435e1,4.137024e1,-2.147491e1
3.291771e1,4.038931e1,-2.893989e1
3.295106e1,3.944091e1,-3.084400e1
3.298441e1,3.833304e1,-3.364449e1
3.301776e1,3.719795e1,-3.174800e1
3.305111e1,3.621651e1,-2.719528e1
3.308446e1,3.538493e1,-2.239038e1
3.311781e1,3.472381e1,-1.912734e1
3.315116e1,3.410977e1,-2.014654e1
3.318452e1,3.338071e1,-2.319643e1
3.321787e1,3.256334e1,1.650236e1
3.325122e1,3.448087e1,8.325205e1
3.328457e1,3.811348e1,8.723815e1
3.331792e1,4.029674e1,4.949283e1
3.335127e1,4.141300e1,3.872879e1
3.338462e1,4.287866e1,6.420461e1
3.341797e1,4.569331e1,7.872820e1
3.345133e1,4.812721e1,5.346870e1
3.348468e1,4.925789e1,1.744097e1
3.351803e1,4.928994e1,-4.615880e0
3.355138e1,4.895016e1,-1.227291e1
3.358473e1,4.847175e1,-8.220061e0
3.361808e1,4.840216e1,3.379073e0
3.365143e1,4.869702e1,1.181271e1
3.368478e1,4.918967e1,1.152066e1
3.371814e1,4.946506e1,3.075007e-1
3.375149e1,4.921017e1,-2.671274e1
3.378484e1,4.768421e1,-6.068376e1
3.381819e1,4.516459e1,-7.620543e1
3.385154e1,4.260385e1,-4.404559e1
3.388489e1,4.222822e1,-1.469656e1
3.391824e1,4.162408e1,-2.113925e1
3.395159e1,4.081893e1,-2.421259e1
3.398495e1,4.000991e1,-2.516550e1
3.401830e1,3.914123e1,-2.475453e1
3.405165e1,3.835961e1,-2.363369e1
3.408500e1,3.756565e1,0.000000e0
